//Reference=Talairach

//
//Subjects=9
15.728900	7.053900	-0.193500
7.314500	-12.727800	0.492600

//
//Subjects=9
-14.979700	-5.012100	8.954100
-9.227500	32.075400	4.457400
12.782300	-5.156100	9.410100
4.502900	-12.974700	3.124200
7.358900	31.466400	10.085400

//
//Subjects=9
-31.381300	13.410900	-5.793300
-34.420300	-7.706100	8.370000
-9.462100	8.410500	15.724200
18.470300	20.490900	6.531000
37.938500	6.938700	0.171300
46.352300	13.007700	-4.516500

//
//Subjects=16
-15.718100	9.167400	-1.426100
10.150500	5.976900	1.411800

//
//Subjects=16
-12.115900	2.017300	4.263400
-19.410100	12.913000	-1.133700
17.596300	8.994600	-0.878900

//
//Subjects=11
-8.566300	-21.057100	9.344200
-9.101100	9.247400	-12.116800
9.212900	-3.247200	-0.378800
9.371100	-0.251700	-11.803400
2.881500	-54.224400	-26.935900

//
//Subjects=11
-30.192700	30.446600	50.792700
-6.379300	6.089800	-8.766500
-60.273500	-29.990700	-3.187100
12.006300	12.401400	2.952700

//
//Subjects=19
-2.338700	-23.851400	28.102700
-10.234500	0.405800	1.440000
-2.671900	-23.130900	-17.778100
-3.370700	20.146900	49.369800
-21.311700	-15.782800	-5.686200
-25.911300	17.343300	1.878600
-3.704500	-46.764500	-16.431200
-32.445700	-36.046200	-9.596000
-32.600100	-6.113800	11.254200
-32.841300	-72.780000	10.339300
-43.668300	21.630500	16.398000
-45.616700	1.728100	18.082900
-5.858500	-20.662500	14.832500
-51.204700	-56.994500	3.416500
-6.590500	-21.971800	-0.618400
11.747900	-16.008600	14.670400
11.826500	1.021500	13.582600
11.972900	3.929900	3.050400
13.801500	-18.176800	-1.715600
16.855100	-40.818500	-29.933700
18.877700	-63.759300	21.978200
23.054900	-31.937500	-5.565300
1.298500	-39.882000	28.447200
26.757100	-18.244000	-1.502800
37.864900	-57.576500	-13.148900
45.068500	17.678100	24.731500
47.730700	0.372300	28.542100
4.318100	-84.707900	-3.674900
55.221700	-41.970600	9.342800

//
//Subjects=19
-1.755900	31.628000	-0.863700
-12.021500	2.714100	-2.875800
-12.152100	37.391600	17.523500
-13.687700	-37.952400	-29.278000
-3.424900	21.574600	54.008400
-26.049300	-9.264100	4.760600
-33.021900	5.394900	47.470600
-35.147700	-65.642300	-24.156700
-4.534300	-18.637500	-15.582200
-43.727500	-37.295100	3.607600
-45.057300	-59.466900	28.510100
12.043700	4.452500	-2.304000
15.666300	-21.738600	-3.823200
17.911300	23.675800	50.965000
21.497700	-74.979400	30.868900
22.933300	-7.246300	11.185500
2.080100	-24.060000	-27.695100

//
//Subjects=16
-11.997500	12.030100	-1.992800
-15.072300	-18.490000	12.179900
8.147700	-17.068700	6.401400
8.298700	-16.868000	-5.288100
7.759900	16.624200	46.521800
0.938100	-67.692700	-23.740500
20.445900	15.005300	-4.765500
39.749700	18.517300	6.704000
4.144100	-71.370100	13.801100

//
//Subjects=42
-12.118300	1.085700	4.175100
-31.437700	18.477900	0.090900
-37.009900	51.260400	11.210100
10.098500	3.765300	4.804800
29.645900	20.955900	1.359000
32.473100	54.217800	7.260600

//
//Subjects=42
-12.054100	12.526200	2.557500
12.967100	12.657900	0.290700
1.948700	46.253100	3.287100

//
//Subjects=42
-12.075700	4.141800	1.762800
10.141100	6.821400	2.392500
32.444900	56.751300	10.202700

//
//Subjects=24
-12.075700	4.141800	1.762800
10.141100	6.821400	2.392500

//
//Subjects=42
-12.068500	6.936600	2.027700
-42.378700	41.677800	-6.003900
10.141100	6.821400	2.392500
43.704500	35.903100	-7.797300

//
//Subjects=42
-12.075700	4.141800	1.762800
10.141100	6.821400	2.392500

//
//Subjects=24
-12.075700	4.141800	1.762800
10.141100	6.821400	2.392500

//
//Subjects=42
-12.082900	1.347000	1.497900
10.141100	6.821400	2.392500

//
//Subjects=14
-11.086300	11.006600	-1.173500
-0.645300	-8.572900	44.893300
11.135100	10.978500	-1.701100

//
//Subjects=14
-11.109900	10.832400	0.611300
-21.965700	40.144500	-10.308100
-29.610500	18.294100	1.906100
-37.911700	51.439400	9.410100
-6.551500	6.646500	4.796100
-0.301100	-14.257200	16.434200
0.024300	-18.252500	-10.063500
-0.408100	20.594500	35.048700
-0.637900	-1.207200	46.492100
11.099700	10.717200	0.976100
21.518700	40.763400	-8.613000
29.534900	18.308800	9.214000
36.110900	51.899900	11.606800
7.329500	6.574500	5.024100

//
//Subjects=14
-12.361700	-8.022000	20.424300
-14.811500	10.851600	0.550500
-18.515500	9.939200	0.401400
-3.811700	37.435500	16.767900
-4.280500	-0.752500	41.969300
-3.530500	47.736100	-2.070200
-41.535700	45.634200	1.592000
-0.303500	-15.188800	16.345900
13.894900	13.584700	0.394200
15.745700	13.575100	0.424600
0.505500	20.502600	35.956300
3.818300	44.554500	1.356100
7.074100	-7.191200	20.831800

//
//Subjects=16
-12.191500	-0.368500	9.441200
9.745700	28.577700	39.580200
15.598500	-7.616900	5.621200
45.216900	12.376300	11.619800

//
//Subjects=16
-10.217900	2.356100	0.724200
-2.614700	44.004900	-2.408200
-19.401900	-15.356900	-10.117800
-32.487100	42.242300	16.738200
-4.663100	57.178100	16.822200
15.734900	-17.576700	-7.932000
15.844900	16.135100	-6.538000
24.684500	34.961500	31.429200
47.186100	22.379500	5.394000
6.403700	51.356700	18.259600

//
//Subjects=16
-28.701100	30.051700	6.638800
-8.465900	8.928300	10.385000
11.832900	39.451900	24.430400
13.724100	-7.781500	7.375600
47.072900	23.371700	14.494600

//
//Subjects=27
-12.004900	4.664400	-3.591600
-31.647700	-89.996700	-15.594600
-6.607900	11.713500	10.680300
13.123700	33.005400	-5.886600
26.023700	-64.782300	41.820900
32.176700	-87.794400	-11.603700
32.564900	49.412100	-1.300800
40.475300	35.315400	27.225600
4.504100	14.450700	11.127600

//
//Subjects=16
-16.615300	6.638700	-4.383400
-21.518700	-1.774700	14.555300
23.851100	-19.187700	8.268000

//
//Subjects=16
-12.939700	5.513700	-2.626100
-14.274100	-13.950400	23.433700
-28.520100	-52.214100	40.287200
-6.473300	14.534800	1.040500
8.349300	7.266500	-2.099900

//
//Subjects=16
-12.939700	5.513700	-2.626100
-36.976100	14.954500	-2.138300
-4.864900	-25.647200	8.071100
8.349300	7.266500	-2.099900
4.197500	16.757000	35.663900
6.239900	-25.704800	8.253500

//
//Subjects=8
-21.284700	8.177500	-0.713200
-4.657900	14.263900	3.748100
-1.688500	-4.868200	55.136000
-0.291900	-19.672600	14.119600
19.461300	10.003700	-1.652600
1.268300	-29.138300	33.968800
2.707100	3.890800	3.790800

//
//Subjects=8
-13.815900	-2.343300	-8.790400
-5.663900	5.448800	7.400200
-1.427900	-34.016700	26.254200
9.073900	1.210100	11.752200
12.067900	18.339400	-0.087100
17.487700	7.279100	7.064400
1.656300	-4.341100	11.100800
1.414500	23.118400	38.021200
2.109900	-3.259000	48.145900
3.182300	13.357300	41.630600

//
//Subjects=8
-16.596100	14.091500	-3.677000
-6.674500	-0.658600	12.209600
-0.090300	-49.256600	-10.300200
-0.817300	-3.445300	59.789800
8.162700	2.233600	10.932900
12.074900	16.563300	-1.156100
0.566700	17.298800	30.248700
0.573900	20.093600	30.513600
23.018500	-1.134100	6.360900
1.310900	-26.082200	31.556500
3.535500	-2.313300	9.523000
6.251900	32.872400	24.613500

//
//Subjects=8
2.621900	-2.221400	8.615400
7.246700	1.393900	9.937000

//
//Subjects=8
-5.751500	-1.595000	12.136500
-0.593500	-10.932200	40.166400
-0.481900	5.427600	36.313100
-0.370100	26.358300	33.793700
8.176900	3.252300	10.128800
1.684700	-2.303700	9.492600
4.736700	-61.512600	-29.396700

//
//Subjects=27
-11.121900	6.174400	0.169800
-14.840700	-9.469400	-3.176900
-17.816300	-91.348700	-11.885300
-20.380700	4.359200	-0.158800
-26.295900	-91.506200	-0.332600
-28.569500	18.228700	-7.091000
-34.461100	-77.462500	-9.049600
-37.819900	-20.518200	53.042100
-47.579500	-23.763900	19.238000
-9.243700	-14.652300	-8.077500
-9.397100	-15.784600	3.523700
-9.930700	-25.206600	42.259500
-9.849300	1.896900	43.927800
-0.937100	75.616700	20.433800
11.075900	5.972100	1.427000
12.917300	6.807000	2.438100
15.595900	-13.119400	4.199000
15.610100	-66.019900	-12.523600
15.511100	-10.089800	11.691400
24.187500	12.539700	-8.539200
26.549100	-81.009600	-3.849300
32.318100	16.518300	8.190600
42.912300	-6.499800	41.322300
44.706700	-1.442400	47.236900
4.157100	10.061600	36.830600
7.356500	-23.384400	-5.921400

//
//Subjects=27
-17.528900	6.730600	-5.291000
-23.059700	15.143800	-4.587500
-4.252300	-3.286000	39.027200
-9.309900	-17.882600	-3.880400
-1.138900	-7.208600	11.682700
10.174100	6.151100	-0.373000
12.912100	-58.117200	-16.324800
13.840300	5.870600	2.365000
1.285700	-8.904400	38.588600
29.541900	16.532700	8.145000
44.734900	-3.975900	44.294800
4.427300	-15.360500	8.302000

//
//Subjects=27
-23.180500	4.199400	1.580400
-34.341100	-30.882500	-4.634600
-34.532100	-82.556000	-5.029100
-39.846900	9.701200	3.621400
-39.752300	14.968900	-2.183900
-9.354500	-12.728500	1.111400
-1.340300	-80.892100	5.599400
12.872300	2.819300	4.762100
15.331700	-66.247100	9.070600
18.427100	3.722100	4.941600
21.158100	-58.770100	-9.941200
26.560700	-85.493400	-6.075600
32.353500	16.779600	5.513400
34.936700	-80.617300	-8.174500
40.546100	-72.000400	-9.965800
4.524500	-4.590300	3.918900
4.049300	-81.208700	18.272500
7.061100	19.215500	29.639300

//
//Subjects=27
-10.201300	4.306400	0.008400
-14.951500	-61.464800	-9.906500
-26.015700	3.778300	5.996800
-4.252300	-3.286000	39.027200
-31.559700	-73.811100	-17.663100
-31.499100	17.110800	4.464600
-37.765500	-17.375000	49.737400
-43.303500	-11.756600	50.176000
10.176500	7.082700	-0.284700
12.739500	-66.702300	-5.430000
12.910100	4.012200	2.173200
29.576500	-55.408800	-15.786300
29.541900	16.532700	8.145000
48.203300	17.569000	-3.152200
4.427300	-15.360500	8.302000
4.157100	10.061600	36.830600
7.422700	-20.154100	-10.118500

//
//Subjects=11
-10.220300	1.424500	0.635900
-12.096900	4.899200	3.635900
-12.658700	-42.675800	-38.716600
-13.964100	7.529400	5.655200
-20.658300	-85.422800	-5.066000
-20.411500	1.390200	1.361100
-23.861500	-84.904700	28.260400
-27.399900	-75.455900	18.285500
-28.425900	-42.855500	-36.297800
-33.453700	17.268100	12.554100
-40.587700	-44.202800	45.346300
-8.304500	-76.699400	-27.452700
-0.552500	-31.210600	-41.029000
-0.199100	-55.543000	-3.690800
10.145900	8.684600	2.569100
11.071300	8.679800	2.584300
10.972100	6.119800	9.546900
29.245100	-80.702100	2.531400
29.527900	20.084900	10.283000
29.809500	-81.543800	30.387600
29.818900	-82.388300	29.406900
5.990100	-73.242900	13.654900

//
//Subjects=16
-12.316900	-8.605200	16.766400
-20.277100	-0.359400	-9.612600
-3.852100	30.740100	17.934600
-43.493500	-40.575600	56.451000
-45.262300	13.482900	-6.021300
-54.058300	7.334400	28.380600
-1.679500	-14.854500	51.487500
10.115900	-83.839200	-22.412400
9.914300	-0.336000	17.925900
10.176500	7.082700	-0.284700
18.559100	-52.878300	-22.038900
21.365900	-0.575400	-8.928600
23.015300	-33.582000	69.048900
57.286700	0.725700	5.315100
59.636900	-29.849700	29.483700

//
//Subjects=16
-12.259900	0.040500	14.883900
-32.438500	-46.484100	58.780800
9.935300	-5.664300	14.718900
12.899300	-81.058800	-22.101900
29.563700	-78.350400	-21.563400
40.630700	28.237500	13.044900
43.523900	-47.679600	-18.421500
57.293900	3.520500	5.580000
7.280300	14.436300	11.173200

//
//Subjects=8
-11.935300	-22.238400	-16.949400
-28.618900	21.519600	-2.275800
-45.879700	-23.974200	30.957900
-6.933700	6.567000	34.510200
-6.501700	12.497400	2.648700
10.203500	-22.876200	-11.230200
18.552500	-41.960400	-18.302100
7.343900	12.164100	5.553900

//
//Subjects=8
-20.412700	-26.035200	-6.642300
-20.229100	-35.646600	-23.765100
-20.439700	3.923700	4.303200
-23.639500	28.227900	44.387400
-6.621100	33.549300	18.153900
-1.366900	12.127800	35.131200
15.529700	-16.349700	8.396100
51.804500	-12.435600	-4.132200
7.021700	-72.463800	5.638500
7.492100	2.291400	-8.891700

//
//Subjects=12
-10.378500	-1.571000	12.060500
-11.107700	7.193100	-0.634300
-11.976100	15.843600	-2.532000
-3.873300	-22.421700	3.889200
-3.849900	-26.818400	0.770500
-7.699900	-21.497400	13.821400
8.100100	-26.558900	7.303200
10.155300	7.840100	1.588400
12.089100	17.582000	-1.960200
20.398500	10.086000	-2.529800
1.393700	-74.820800	10.725100
32.377100	16.953800	3.728600
5.319900	-10.124100	12.416600

//
//Subjects=12
-4.718700	-27.309700	-3.795000
-4.491100	52.050500	1.925700
26.965500	-0.255800	-12.407000
7.336700	9.369300	5.289000

//
//Subjects=12
-16.760700	-27.334400	-3.100200
-16.570900	-3.086300	-10.709100
-21.256500	5.644000	-3.655300
-27.838900	-12.458300	-0.977400
-28.484100	28.911800	-10.581700
-9.249500	14.549200	0.994900
-0.679100	40.965700	-9.870200
11.165700	9.376600	-4.554900
12.297900	44.712000	-10.196600
13.379900	-56.016400	19.916200
0.740300	-5.180800	10.104900
20.461700	-1.328000	-10.816900
23.081300	-21.689900	-4.594000
27.986500	27.861600	-11.527600
2.296100	-61.287100	16.526800
6.494100	14.554700	0.360900

//
//Subjects=12
-1.557100	45.889800	-12.121100
-22.304900	-1.656300	3.743000
24.062100	4.303000	-1.214000
1.316900	-50.712800	23.818000
51.712900	-3.059000	5.763100
6.759700	45.759500	-11.091900

//
//Subjects=8
-23.271100	-71.407900	-13.691800
-26.941500	-5.358700	3.313800
-41.563300	-45.958000	-23.301200
-51.782300	19.602200	-1.047600
8.149300	-88.339900	-14.764400
10.708700	-82.643500	3.835600
16.800500	5.386600	-12.044400
32.337500	-79.296400	-21.606100
2.315700	9.226700	35.819500
59.709900	-32.966400	22.883700

//
//Subjects=10
-12.040100	8.974000	0.419500
-21.268300	5.556900	-2.762900
-24.077500	6.241600	-0.043000
-27.281900	-74.584900	9.361500
-33.109500	-55.568100	36.288400
-38.999900	-2.762800	6.058300
9.232300	8.776500	1.661500
9.305300	5.659800	-4.938500
5.538700	-24.045100	-8.717300

//
//Subjects=10
-15.159100	-61.169400	6.333300
-14.731300	10.529700	-5.784600
-17.879500	-26.015500	12.320300
-18.075500	-84.123100	10.415300
-24.121300	-24.239900	-5.634100
-41.823900	-16.809500	5.580600
-41.635900	20.219700	1.885100
-48.404700	-52.263800	3.011200
-48.199500	0.428400	2.601600
-50.273500	-32.281600	10.277800
9.305300	5.659800	-4.938500
17.596700	18.136400	1.788900
20.936100	-64.064300	5.768800
26.670900	-47.210700	-3.347700
33.099300	-43.953400	1.573900
47.881500	-57.917100	-0.399800
5.550900	-14.816200	-6.941900

//
//Subjects=15
-16.426300	-0.629500	50.784000
-19.258300	31.397300	-7.487600
-19.462300	6.130500	0.925400
-23.578300	25.024100	38.679800
-34.472700	-19.059500	9.095200
15.627700	12.704100	9.348600
30.208100	23.753500	30.460800
32.108900	-19.753500	13.759200

//
//Subjects=15
-17.359900	40.877900	-8.359000
-19.797900	-7.313300	23.068200
-32.208300	51.611300	-2.188200
12.001700	15.109100	4.110000
19.604100	38.474300	-4.358000
21.346900	50.461900	7.617400
35.793700	27.625300	29.120400
38.074900	50.898100	2.536600

//
//Subjects=12
-10.541900	-69.490700	4.722200
-10.477500	0.439900	20.357000
-12.571500	-58.006500	21.991200
-12.205500	3.183700	11.579200
-17.645100	-6.921500	-0.280400
-17.553100	46.762900	8.410600
-19.989100	-63.557700	21.339800
-19.923500	-74.040100	13.141000
-21.395500	-43.817900	-7.442800
-21.280700	-8.242900	-5.872200
-23.607100	13.844900	37.620200
-24.722300	2.834300	-22.898000
-25.329900	27.593700	31.686800
-30.836300	0.545500	20.022600
-32.988300	-89.401100	16.869800
-36.345900	8.201300	18.853000
-40.282300	-73.934500	12.806600
-46.993100	6.153300	-17.555200
-51.409500	-46.625700	22.412400
-6.767500	-23.278300	12.767600
-6.675900	21.264300	18.790800
-1.405900	-70.409700	13.798200
8.314100	11.576100	1.911200
15.616900	-18.447700	0.992000
15.448100	5.895100	21.312400
20.804100	-61.383100	16.830800
23.174500	-48.418500	-19.736600
22.465300	-81.069900	25.804000
25.095700	50.791100	4.108600
26.354900	9.859300	38.087800
28.011300	-11.690700	46.884400
30.217700	27.479900	30.814000
32.128900	5.982900	19.801200
33.647700	-33.032700	34.147600
35.898900	-48.364500	-1.499200
38.032900	-46.283700	-22.886400
50.309700	-31.255900	34.597800
4.232100	-55.184500	11.732600
3.757300	-14.822700	60.591000
4.259300	-80.572500	2.121000

//
//Subjects=12
-6.511500	4.200100	0.961600

//
//Subjects=12
-10.331100	3.348300	9.824800
-22.321500	-3.606600	4.458800
-36.728900	-10.161800	43.231500
-1.515900	3.716900	44.241200
9.985100	0.186600	12.571500
23.046900	0.903300	4.752700
32.327500	15.673800	7.209900

//
//Subjects=12
-10.305100	4.454100	8.128300
-19.502500	4.006000	3.426000
-26.862500	20.813200	4.893800
-31.154900	-1.806200	44.117400
-4.843300	-17.262800	8.865800
-1.527700	3.629800	45.133600
10.950700	2.306300	10.086100
22.109700	0.821000	5.629900
31.447100	19.666300	4.870700
4.223300	13.291900	32.633500

//
//Subjects=12
-3.027700	-12.962800	12.907300
-27.627900	-56.119500	41.734000
-7.538500	0.713300	7.820700
-9.261500	9.891200	0.553400
0.043300	-69.289800	-26.609500
-0.682900	-5.194900	48.816100
10.122300	8.510400	4.353900
11.102100	11.648800	1.064400
2.382500	26.169700	35.624100
36.092700	13.382400	1.651400

//
//Subjects=12
-15.888500	-3.057000	8.223100
-34.174700	-15.470400	58.987100
-7.581100	-2.342800	10.233000
-0.020100	-62.446700	-19.656300
10.877300	-3.718800	14.018300
34.241900	13.392000	1.621000
4.209900	30.556800	38.773200

//
//Subjects=9
-19.429500	0.889300	-3.174000
-39.625700	-16.520900	50.687700
-8.331300	11.749600	0.745200
-9.332500	4.797700	4.573900
11.059500	8.592700	3.476700
11.099700	10.717200	0.976100
15.761300	-7.329100	-6.960700
1.186900	-2.322600	48.219000
32.433700	16.457700	-0.821700
2.591100	-59.109600	-5.783200
2.633700	-2.134300	7.723000
3.151500	10.388300	43.150500
4.583100	40.622600	12.707600

//
//Subjects=9
-3.482700	-5.354700	50.555300
-20.489500	-1.927200	6.450600
-35.895900	-19.073600	47.806400
-7.619500	-17.248400	8.820200
24.019700	5.817800	2.532200
3.111100	3.692900	44.317200
4.486700	-59.702400	-9.410700

//
//Subjects=9
-3.417500	42.173000	-12.504700
-0.818500	-30.870700	51.786400
9.942300	-7.440400	13.649900
17.622300	10.100400	-2.575400

//
//Subjects=8
-14.983900	6.837400	12.779200
-14.811500	10.851600	0.550500
-26.610900	55.570200	-4.421000
-7.455500	10.464800	4.241700
11.052500	10.368800	4.545700
14.832300	18.237900	0.850900
18.516900	7.126600	-1.040300
29.629300	19.005600	2.074800

//
//Subjects=8
-11.058500	-0.668700	-6.783400
-8.307900	7.352900	-2.373500
8.347300	15.476700	0.479600
8.241100	14.692800	8.511200
3.552100	-0.363000	8.807200

//
//Subjects=10
-17.631700	-24.186400	-6.420100
-18.432900	10.548900	-5.845400
-47.616500	-60.592400	11.244000
-50.317500	-67.334000	3.352800
17.697700	7.915300	-9.087100
24.401300	46.103800	-15.265100
2.663700	-17.448900	0.867500

//
//Subjects=14
-14.887300	3.894900	4.394400
-20.545300	16.852500	16.336500
-20.332300	32.133000	4.275000
-20.459500	36.677400	15.513600
-28.881100	14.100900	15.934800
-42.790300	16.706400	18.648900
-48.477700	4.772100	25.529700
-53.938300	-0.004800	16.877100
15.530900	11.075700	16.399500
15.650900	3.736500	4.896000
21.230700	36.809800	12.628000
23.772500	-36.217800	9.355800
26.685500	16.869000	14.434500
29.033300	-68.557200	22.596300
29.653100	23.750700	1.623900
35.014100	16.825800	14.571300
7.165100	-30.280500	6.934800
6.912500	-87.892000	9.580100

//
//Subjects=14
-12.096700	9.470100	4.969800
-15.078700	-3.001200	17.250600
-20.658700	13.273800	24.103200
-20.609500	5.412000	17.954100
-26.268700	-9.055800	21.892800
-26.106900	22.296700	18.559900
-28.794700	47.638500	19.113600
-40.014100	16.692000	18.694500
-42.932500	1.948500	25.356000
-1.105900	-7.878900	8.917200
10.105700	6.560100	5.069700
12.598100	-9.257400	22.531200
12.683300	-3.145200	17.706600
12.712100	8.034000	18.766200
29.040500	-65.762400	22.861200
29.505500	47.336100	20.071200
32.245100	19.635000	14.790600
7.165700	-16.567800	10.936500

//
//Subjects=14
-12.047300	6.179200	0.154600
-15.070900	13.506300	21.517200
-29.274700	-84.762300	17.372100
-32.035900	-65.445600	21.858000
-31.436500	45.903300	8.094300
-37.338100	-8.736900	19.033200
-45.873700	-48.604800	23.219400
-1.191100	-13.991100	13.741800
15.460100	10.553100	21.753900
35.199500	48.352500	9.453600
4.632500	37.331700	7.892400

//
//Subjects=14
-15.057700	-8.329500	14.043600
-17.805100	2.864100	15.057600
23.794700	-14.120700	14.152200
37.789100	-10.614000	6.613500

//
//Subjects=14
-12.532300	-78.736500	12.821100
-39.737500	29.700300	1.013700
-9.292300	6.922200	2.073300
46.246700	25.936500	7.516800

//
//Subjects=14
-12.082900	1.347000	1.497900

//
//Subjects=12
-2.116900	-23.128100	11.058800
-2.102900	27.238900	24.839300
-12.066300	3.297300	0.782100
-12.928100	1.029900	-4.852400
-20.154700	-60.686200	-36.946300
-3.679500	-14.594000	-8.878700
-31.586300	19.208800	11.868700
-32.335100	11.378300	-4.200300
-5.680700	-1.072400	6.782100
8.223900	-0.970200	5.225300
10.141100	6.821400	2.392500
16.720100	1.137600	-7.043200
17.158900	-66.430900	10.885800
1.584700	-23.147300	11.119600
27.477300	36.897400	30.759000
29.721300	18.770800	-5.152700
4.639700	-13.792700	-7.761200

//
//Subjects=12
-2.135700	-21.439100	13.020200
-2.064900	33.002700	23.584300
-11.140900	3.292500	0.797300
-12.918700	0.185400	-5.833100
-20.154700	-60.686200	-36.946300
-3.679500	-14.594000	-8.878700
-33.274700	10.364400	-3.411400
-42.556700	17.516800	0.712600
-5.678300	-0.140800	6.870400
10.223500	2.860200	-5.188200
16.717700	0.206000	-7.131500
1.558900	-19.682200	14.150000
29.718900	17.839200	-5.241000
35.901500	-42.862000	-0.077000
4.639700	-13.792700	-7.761200
7.272500	-2.071200	6.906600
7.346100	8.524800	4.308300

//
//Subjects=12
-25.964900	-21.435500	-5.399600
-3.686500	-12.817900	-7.809700
-34.204900	8.506000	-3.603200
-4.636700	13.506500	1.875000
-44.414700	14.731600	0.417300
-1.125300	34.016600	22.795400
10.214100	3.704700	-4.207500
17.177900	-63.549000	10.258300
1.603900	-15.694500	11.826000
32.268700	-34.110000	-2.912700
44.386100	17.648800	5.799300
5.627300	59.772400	9.134400

//
//Subjects=12
-10.174100	-21.081600	-9.603200
-11.948300	4.168300	-8.141900
-13.819300	-26.129400	-15.548200
-25.313500	-28.946100	13.718600
-30.698500	-31.337200	-0.111800
-33.179900	-33.716200	-23.801300
-34.419500	-43.341700	-2.212900
-37.244900	-35.465500	3.890600
-60.378100	5.792600	15.515700
8.114500	-74.888500	-8.085500
10.483100	-49.142800	-40.739500
15.659900	-6.249800	1.247500
18.544300	-13.690500	-9.318000
21.196700	14.625600	8.724000
31.584500	-21.358200	-17.931500
31.675900	-35.305700	-29.160700
31.253100	-46.651500	0.386200
36.006100	-24.726100	-2.861300
37.105900	-28.926900	-17.654300
38.071900	-71.584600	-33.390400
39.004700	-10.304500	-15.857900
4.268100	-41.210500	13.057100

//
//Subjects=12
-10.183500	-20.237100	-8.622500
-10.095100	5.090300	-8.023200
-14.821500	-2.016600	-2.470500
-30.724500	-32.443000	1.584700
-4.683500	-31.619300	-7.806100
-5.669700	-73.188100	-15.364400
12.855500	-3.701900	4.144000
13.724100	-7.781500	7.375600
18.527700	-15.640800	-8.602200
22.995500	12.404400	12.147400
37.830700	-30.412400	-2.468300

//
//Subjects=12
-19.297900	-10.933700	-16.903800
-31.679300	-3.410900	12.426700
-5.537300	-12.808300	-7.840100
-50.891700	33.048800	5.646500
-54.163100	-15.372400	29.831000
-60.599500	-39.708100	19.308900
-9.164700	-42.399600	-22.416000
-9.325300	7.592500	4.838800
8.004900	8.379900	25.025300
12.975300	-15.612000	-8.693400
20.503700	-11.984600	-17.230900
26.160900	-43.225800	-34.508600
26.695100	-33.323800	-1.130800
35.272300	40.664900	1.519700
41.570100	24.680500	10.922100
51.304100	-17.957000	33.172000
5.292900	19.834800	23.362100
6.538700	9.400600	-4.630900
7.043700	-54.937600	9.101000

//
//Subjects=12
-58.756300	2.264900	32.325100
8.033300	10.417300	23.417100
19.441500	-11.161800	-6.360700
43.046300	-17.391200	27.680800
6.550500	9.487700	-5.523300

//
//Subjects=12
-12.061300	9.731400	2.292600
-28.750300	-16.005700	-3.130600
-4.618900	-11.037000	-6.755900
-45.657300	-9.538200	17.915700
-48.106500	-30.871100	-13.874900
-58.744500	2.352000	31.432700
8.033300	10.417300	23.417100
11.981700	-10.627300	-1.932000
17.845500	-11.099200	-26.200500
43.058100	-17.304100	26.788400
6.538700	9.400600	-4.630900

//
//Subjects=15
-2.332100	19.149900	40.284400
-11.346900	-13.764100	11.789800
-15.713100	-51.550400	52.277800
-17.592300	13.573700	1.662200
-26.584900	-10.475900	46.075900
-33.264100	-30.206600	55.804700
-36.212500	-16.402800	1.209800
-6.142700	8.311800	45.499100
-48.987500	13.327900	-4.297300
-55.111100	-46.606500	22.351600
-7.318700	-57.505100	45.549700
-8.748900	11.408800	33.136500
11.873900	5.940800	11.346900
12.737100	-13.714700	10.400200
18.195300	-9.869400	18.964500
31.566300	-19.189200	56.143500
31.555900	-41.199200	50.454700
5.488500	-52.270500	58.874200
6.425300	-48.097300	-12.782700
5.922500	-0.631100	40.351700

//
//Subjects=15
-2.282300	25.000800	38.137000
-12.940100	-16.860800	62.818000
-12.665100	13.499500	50.384500
-16.061100	-11.642100	19.117900
-2.607500	46.799700	-2.143300
-32.395100	-25.144400	61.704100
-37.771500	-46.663600	41.557400
-51.133500	6.589100	16.648400
-7.498300	2.837800	5.320100
-0.800900	-59.985100	41.821600
12.928900	2.323200	0.211800
31.570900	-62.583400	-29.044200
36.894100	-70.701200	-13.507900
36.529900	17.085100	40.746200
40.002100	-49.513200	38.999700

//
//Subjects=15
-2.105300	26.307300	24.751000
-23.105500	-7.127500	-7.599100
-24.097300	-14.923900	-4.751100
-40.628700	-51.378200	-25.600600
8.772300	9.950500	37.799000
16.022700	22.492500	53.523500
16.839100	11.630400	58.814200
33.443500	4.281500	-10.966700
42.572900	14.280400	1.846100
5.456500	38.406200	16.115800
6.318700	-4.103800	8.499600

//
//Subjects=14
-17.042700	-1.999400	26.320800
-2.844300	-27.145100	-5.549400
-5.645500	-59.301200	-13.147500
13.518500	-15.696300	21.035900
1.572900	-23.234400	12.012000
1.778100	-24.461400	-4.316100

//
//Subjects=14
-10.389700	12.054600	16.954600
17.386100	3.787500	13.938700
26.535500	39.522800	32.793500
3.472900	22.813400	21.811800
4.617700	-31.318900	-11.223700
6.535900	53.246400	8.531500

//
//Subjects=14
-19.374900	8.603400	-5.144800
-29.603300	21.088900	2.171000
-42.727700	-62.339500	-9.558400
-1.286700	11.805900	28.796100
21.203500	8.278600	6.321100
2.047300	35.100400	-7.677200
30.417700	-38.671300	-4.277000

//
//Subjects=14
-11.079100	13.801400	-0.908600
-5.896100	36.634700	34.673800
14.871100	42.285300	4.931500
16.828300	-6.288700	-17.654300
24.170700	6.018500	-9.157300
30.613700	19.436300	-2.372000

//
//Subjects=22
-10.511100	-12.602500	19.120800
-14.111100	-63.010900	-3.732800
-15.513900	39.005100	-8.505200
-15.666300	6.808100	-6.153000
-17.350700	35.462500	-10.673600
-22.019100	-61.215300	35.941000
-21.936300	-2.115500	46.946600
-25.749900	-81.517100	32.152800
-25.518700	26.200100	45.965200
-26.801900	-50.022500	-20.734000
-36.814300	-20.844900	46.722200
-5.237500	-22.000300	38.138400
-41.803100	27.210500	16.958200
-43.995500	-15.512300	30.890600
-50.905100	-57.524700	-20.050800
-56.597100	-12.832100	3.905800
-0.715500	-36.069300	-29.781000
-0.820700	39.920500	0.838600
0.130100	-39.843100	47.349000
0.521300	-49.749900	13.986400
0.287300	-5.782900	45.173400
20.475300	-27.254700	52.489200
22.516900	19.838300	51.580200
24.882100	-86.040500	-19.668600
25.008500	-1.030100	-4.405800
28.036900	-73.645900	26.601600
52.227700	-5.180700	37.100600
56.406100	0.147300	1.642000

//
//Subjects=20
-11.072300	7.454400	-3.311500
-25.995900	-42.208100	62.898300
-25.815300	-12.544600	57.604000
-29.461100	-31.305100	47.657300
-29.909500	32.537000	29.375100
-33.440500	-4.567700	5.080500
-52.303700	-34.510100	23.545100
-7.579500	-19.694800	4.985700
-8.102900	-11.677700	48.076400
-0.140300	-59.678400	-9.486700
22.227500	-16.111600	63.483900
25.805700	-19.345000	0.178500
29.590900	4.100000	0.662000
29.757300	-34.407100	48.365200
44.741300	-19.464700	39.224100
48.039900	3.568500	5.428000

//
//Subjects=20
-10.564500	7.108800	29.095000
-14.809300	7.212300	-0.695100
-3.771900	-23.501000	-4.319000
-29.766700	7.088400	10.751200
-34.057100	-23.741200	47.395300
-45.136900	-45.432300	38.846900
14.168700	3.286900	48.069200
14.813100	10.785100	0.144500
25.195700	-49.436400	38.756500
3.641700	-55.448600	-14.427100

//
//Subjects=20
-14.837900	-12.628700	67.691100
-14.871300	-7.867500	-0.323100
-26.159100	-38.405000	4.700500
-29.776300	3.362000	10.398000
-34.019500	-27.119200	43.472500
-37.582300	-90.047400	14.028300
18.447700	-10.748000	-0.933200
23.042300	3.611000	5.910000
29.296900	24.777000	29.641500

//
//Subjects=20
-11.983300	13.048800	-2.796900
-40.640100	-55.556200	46.071500
-58.472500	-35.851200	-1.009300
10.186100	10.809100	0.068500
42.693100	-55.639800	43.869900
4.696700	48.772200	6.274800
60.045100	-28.664400	-1.926900

//
//Subjects=12
-12.927700	10.171700	-2.184600
-13.007900	10.493600	4.150500
-12.832100	38.293900	-1.320400
-17.012900	-21.884900	18.131400
-16.728900	-1.510900	2.049400
-2.966100	-60.944000	-6.051000
-34.812100	-11.512000	37.730900
-4.650100	-23.147800	-7.903800
-40.696700	12.091800	-1.571600
-8.837300	-13.918600	32.537200
-0.817700	54.564800	4.928600
9.122900	-11.222600	4.269200
9.323700	-5.171000	-9.567700
12.642500	-18.982400	16.205500
22.729300	-86.432300	3.680000
23.023300	0.729100	6.537500
25.004900	24.532100	3.421000
2.532900	-41.261500	4.014400
48.179500	12.823900	-2.701300
5.293900	-11.229900	14.113100
7.247100	10.535700	12.604800

//
//Subjects=12
-12.948900	10.929100	-0.311500
-13.029300	6.680100	4.689700
-34.334300	16.689700	8.881000
-36.966700	14.110000	-3.119000
-1.409100	18.213500	40.211300
10.174300	10.722000	0.960900
11.002700	4.517900	6.693100
20.490900	18.993000	-7.089500
28.786700	24.191000	-2.853300
40.781100	14.725500	-2.646300
7.344900	-18.900600	-3.695100

//
//Subjects=12
-15.734500	11.788000	0.623600
-6.626900	-45.087600	-4.610700
38.847900	18.696300	4.904000

//
//Subjects=12
-17.585300	11.797600	0.593200
-38.918500	24.340700	7.726600
38.890300	17.181500	1.157800

//
//Subjects=12
-10.466500	-17.756600	14.129000
-11.202100	6.496300	6.504900
-12.719700	5.785400	52.355300
-13.206500	0.802700	16.741800
-17.404900	-30.261700	46.158400
-21.242100	-55.918300	49.067900
-24.934900	-16.537100	59.943200
-25.022700	-28.151800	63.345600
-24.651300	-59.224100	25.274900
-28.769700	25.889800	10.747600
-34.983100	-37.449100	43.378400
-36.719300	-6.435400	43.584700
-36.959500	-50.247100	49.339300
-4.564300	50.596300	7.191800
-38.650900	-19.816600	45.887700
-46.461500	10.552800	14.400400
-50.503300	-0.164100	37.639700
-7.290500	-6.119400	58.526100
-9.021500	-18.019900	45.658300
-8.727700	-43.267800	15.344900
-8.871700	-45.244600	25.965400
-9.138500	-49.955600	45.333300
-9.207700	-67.830200	45.440400
10.910500	0.181800	12.586700
10.377300	-0.098400	53.990300
12.138100	-8.083400	58.668700
14.592700	-11.861100	10.607200
14.786900	5.108400	0.507100
14.988500	-37.708300	44.199200
14.843700	-57.968700	49.484100
18.888700	-28.036600	31.668700
19.037500	29.722600	37.143300
23.095500	-20.671200	-5.398100
22.655100	-56.821800	18.195100
23.199700	42.242100	5.068300
26.095300	-45.976100	41.802100
28.830300	50.101600	1.403900
34.197300	18.546100	6.612800
34.556300	-39.558700	33.544700
36.160100	44.038100	5.457700
3.173700	-21.433800	32.028400
4.724900	46.238700	3.332700
54.305100	-56.523000	4.345200

//
//Subjects=12
-3.544500	51.288300	0.067800
-9.200100	11.258300	-3.820300
8.384900	12.098700	-3.443200

//
//Subjects=12
-13.895500	11.691300	1.546400
-3.428900	51.227700	-8.944500
11.120900	9.959800	-0.897000

//
//Subjects=17
-10.095100	5.090300	-8.023200
-3.635900	-1.916100	63.490400
-20.421500	-24.710700	66.452000
-24.156700	-37.733900	65.155000
-24.049500	-68.014700	47.874400
-24.816300	11.279300	-13.091000
-31.493500	-29.894300	62.170200
-32.389100	17.376900	1.772200
-4.519900	-13.047900	-15.052400
-40.441500	-45.865300	33.480200
-48.000300	-43.319900	46.205400
-1.562700	12.510300	50.478600
8.164100	34.229900	20.270200
36.387700	15.559900	-20.658600
6.514900	4.655500	-4.180000

//
//Subjects=17
-12.031100	-1.012300	-3.229000
-15.674700	-77.331300	-30.339800
-30.759500	-77.481700	-8.988800
-30.915500	-84.116500	1.190200
-32.968700	-72.806500	20.244000
-36.849500	-70.454500	34.814800
-38.125100	-80.821300	-13.033200
-39.639900	-58.226100	-32.538600
-40.194300	-3.829700	26.656600
-43.516700	35.543900	8.710200
10.208100	28.335300	3.531000
15.714100	46.241700	12.527400
17.606900	35.575500	6.143800
24.239700	6.089500	57.513600
2.799700	17.368700	0.565000
46.560500	-40.726900	35.438800
46.371300	-51.262300	47.049400
52.730900	-43.505100	-13.366000
6.520100	15.660500	-1.335600
6.491300	4.481300	-2.395200

//
//Subjects=6
-10.205500	16.155900	3.833500
-31.687700	-33.631100	4.158400
8.151500	15.859200	15.827000
41.746300	7.703400	-7.799500

//
//Subjects=6
-22.162300	22.243400	-0.296300
8.267300	20.369500	8.148600
9.587100	29.673100	-19.774900
39.954500	8.148500	-12.291900

//
//Subjects=6
-10.283500	12.838500	8.923000
-30.762300	-33.635900	4.173600
37.959700	6.181300	-1.701800
6.232100	11.706900	19.905400

//
//Subjects=6
-21.326700	18.834100	5.700800
8.541300	27.875300	-10.954400
36.156100	6.539300	-5.301800
6.336100	16.130100	13.119400

//
//Subjects=14
-10.352300	-49.813500	-4.220600
-13.863100	-2.691700	-5.220800
-13.881500	8.139100	-0.591600
-13.853100	10.176500	-2.199800
-19.411900	-28.225100	-13.138800
-33.350300	-59.173300	53.959800
-44.364300	-32.856700	54.465000
-51.393100	4.672900	36.281200
-1.609100	-77.392900	27.546800
7.979700	-82.280700	0.220400
8.366100	13.787700	-1.481800
15.614500	-73.298500	-15.014800
0.635700	-23.316700	12.889200
0.854100	7.539700	5.006000
17.647700	-2.506500	-8.273600
23.155300	-55.871300	-20.443000
2.538900	-11.972900	12.194400
37.122100	-49.351100	47.074000
44.492500	-44.148300	51.295000

//
//Subjects=14
-13.891500	-4.729100	-3.612600
-3.096700	27.652700	30.266800
-2.786300	4.355100	-0.762400
-28.645100	15.842900	-1.913200
-42.519100	-53.013100	48.983200
-46.191500	-32.672900	52.649800
-7.132700	-66.184900	28.515200
-8.419900	-18.148700	-1.188000
-1.298300	16.289700	31.022400
0.810100	-27.512700	-1.919000
0.338100	-30.996700	33.777000
0.392500	26.065700	46.390800
23.238900	21.512100	-4.101800
25.003700	-2.893300	-4.582400
39.122900	-72.014500	28.745400
42.912900	7.212900	45.324000
46.789300	12.139500	33.244400
4.640500	4.490900	-2.425600
5.847300	-47.794300	32.278800

//
//Subjects=14
-15.675900	3.081700	-6.506200
-19.382300	1.237700	-6.743600
13.946500	6.654500	-5.666600
23.190500	-6.261700	-8.535600
32.430100	-11.899300	-8.913400
36.098100	-24.960900	-10.088800
5.520900	-66.653500	52.107000

//
//Subjects=16
-12.025900	9.992700	-0.384600
-13.891500	-4.729100	-3.612600
-13.900300	9.828100	1.369800
-16.092700	-32.894700	15.302200
-25.985100	-64.975500	55.336400
-35.114700	-25.626100	57.108200
-44.364300	-32.856700	54.465000
-6.908700	-15.181700	26.144200
-1.376300	-40.946900	20.193400
8.337700	11.750300	0.126400
8.313700	2.434300	-0.756600
15.638100	-73.124300	-16.799600
17.647700	-2.506500	-8.273600
37.098500	-49.525300	48.858800

//
//Subjects=14
-15.675900	3.081700	-6.506200
-23.074700	-4.158500	-9.119000
-24.925500	-4.148900	-9.149400
-36.103900	-68.606500	-22.652000
-38.073100	29.228700	15.410800
-44.364300	-32.856700	54.465000
7.933300	-64.345500	9.125600
17.642900	-4.369700	-8.450200
17.661700	-6.058700	-10.411600
17.591300	2.560500	-2.389400
24.977700	-57.918300	-18.804400
2.572100	-8.072300	10.762800
4.350500	-45.171700	5.476400
6.128900	-82.271100	0.190000

//
//Subjects=16
-13.862300	15.591900	0.114800
-7.505100	-57.967100	59.916400
12.067300	4.626700	-4.088800
18.471700	-68.583900	52.143200

//
//Subjects=7
-8.324500	5.402600	-1.657700
12.714300	4.394700	17.520600
24.914500	7.414900	5.401200
2.270100	-8.473700	34.141800
42.790100	-49.440500	38.152900
43.244300	32.506200	27.006300
45.401700	30.190300	2.500400
5.554100	4.399000	-1.518000

//
//Subjects=12
-12.040100	8.974000	0.419500
-18.030500	-80.135400	8.091300
-27.928500	42.627300	22.256900
-5.910500	-76.793300	2.307000
-52.127900	-6.709800	18.074200
-52.105900	-43.102800	5.618200
27.682300	-76.738900	-18.740000
37.007500	-67.122500	-21.274600

//
//Subjects=8
-14.021500	-10.258100	4.869900
-24.475700	-89.913900	2.551600
-28.762100	37.826400	13.680300
-37.862700	39.006700	1.927100
-1.027900	-4.561500	3.827700
10.017900	-5.054600	8.472100
9.973300	0.099500	13.463900
16.291300	14.422400	30.242200
19.670700	-70.224700	30.387600
22.894700	-80.642000	-7.479700
26.915300	38.670700	2.991100
27.630900	42.600600	20.491700
30.562700	-67.759200	-24.146500
36.867500	-31.600500	0.105400

//
//Subjects=14
-13.964100	7.529400	5.655200
-30.553900	-69.566900	-22.649100
-1.500900	-30.900000	32.854200
0.125900	39.158300	-1.019300
15.669900	6.618400	4.268500
19.901900	37.492500	44.200000
2.678100	42.059900	17.315800

//
//Subjects=14
-2.391100	-35.204800	28.827900
-13.841700	1.121800	-5.760000
-19.299100	2.327400	59.123200
-37.710900	-50.347400	-36.263800
-6.253700	5.664700	53.354100
-48.012500	-52.548800	44.430000
-7.472300	3.943600	3.623600
-0.764300	-32.298400	47.147800
10.058100	-56.849300	-9.947000
18.481500	6.865300	1.636900

//
//Subjects=14
-13.841700	1.121800	-5.760000
18.481500	6.865300	1.636900

//
//Subjects=14
-2.391100	-35.204800	28.827900
-13.841700	1.121800	-5.760000
-19.299100	2.327400	59.123200
-37.710900	-50.347400	-36.263800
-48.012500	-52.548800	44.430000
-7.472300	3.943600	3.623600
-0.764300	-32.298400	47.147800
18.481500	6.865300	1.636900

//
//Subjects=38
-11.844300	62.510700	0.990600
-13.729100	40.336100	-2.943800
-50.934300	29.992700	8.058800
-6.615100	8.918700	10.415400
2.844100	61.562900	10.157800

//
//Subjects=38
-13.819900	14.077100	-3.631400
-13.762300	36.435500	-1.512200
-50.939100	28.129500	7.882200
19.570900	34.573700	-2.926400

//
//Subjects=10
-14.139700	-15.700000	12.460000
-15.860500	43.757800	19.865600
-30.304700	18.177700	-16.133700
-5.612500	-6.052300	0.005500
-52.119900	14.368600	23.674700
21.945900	-76.240500	-4.376200

//
//Subjects=16
12.797300	14.146200	13.941600

//
//Subjects=16
-14.710300	5.201400	-8.991600
-23.724700	22.115700	49.212000
-1.161100	24.613500	22.804800
13.051700	5.057400	-8.535600

//
//Subjects=16
-11.934100	5.187000	-8.946000
13.051700	5.057400	-8.535600

//
//Subjects=18
-14.009900	-14.741900	2.643600
-19.476300	9.682700	3.063400
-28.711100	17.183500	3.617800
-5.307900	-13.381100	46.160600
-40.459900	-35.034500	38.109400
-54.981500	3.699900	27.119800
15.684100	7.637100	3.464400
26.563700	36.989300	29.851400
4.394100	-19.261100	9.733600
53.940900	-22.655900	42.680800
54.248900	7.034100	27.481800
6.014500	-0.865900	33.124200

//
//Subjects=18
-23.220300	11.216700	6.748800
-25.206300	48.611500	28.275000
9.930100	-70.588500	-4.044000

//
//Subjects=19
-18.938900	-69.038500	10.028100
-26.722500	-27.941500	51.625700
-26.485100	5.796800	43.115000
-27.012500	-10.452200	7.334300
-50.965300	-31.466400	-7.673700
-9.986700	-10.997800	50.811500
10.247700	16.747100	-2.971300
26.821700	56.257500	15.465900
27.931100	55.783100	1.026100
41.210500	-51.998500	16.263400
7.562100	38.449600	-3.663200

//
//Subjects=16
-10.893900	40.757200	-7.360200
-1.334300	-51.603500	13.779400
9.279300	4.554000	-3.242000

//
//Subjects=30
-12.440900	-92.684000	1.591900
-12.245700	1.059200	14.079800
-14.980700	-81.785800	-13.633900
-14.901100	12.018000	7.866300
-20.732900	42.884300	38.618300
-20.545900	57.059000	28.253300
-26.958900	-25.592600	-1.306000
-52.910500	-32.153600	-0.564900
-59.263300	-33.025100	-10.664300
-0.302100	-37.111700	9.764700
11.989100	-3.261600	-0.333200
14.638100	1.268400	10.951000
0.368900	-28.027700	32.257100
17.886700	-40.039400	-37.950100
21.252700	0.416800	0.172000
26.733300	-22.989100	-1.051900
27.214700	20.336900	46.301800
33.229700	-29.282600	-4.240800
42.385100	35.741300	22.794000
48.337700	-51.332500	38.067500
64.908500	-17.804600	-17.031100

//
//Subjects=30
-12.327100	-26.044300	12.411500
-14.983900	6.837400	12.779200
-17.888300	-11.458300	17.302700
-24.182700	-25.607000	-1.260400
-36.001700	56.436200	6.312400
-38.764500	-68.652700	-31.709900
-42.134100	11.059000	37.943700
-0.363700	-43.049700	12.804500
0.098100	-57.004800	-27.246400
9.164700	-80.369300	-19.397200
11.911900	11.704600	10.091900
14.586300	3.627700	15.677900
18.222900	-26.115600	12.020700
20.646500	-37.433200	-35.854800
24.011300	-24.402400	-5.736100
27.378500	-64.359200	8.552400
3.104900	-30.166600	34.803300
45.161300	35.726900	22.839600
5.735300	-60.063200	-34.647600
6.080500	-2.206500	27.593200

//
//Subjects=30
-12.291300	-16.641200	12.402100
-11.890300	-18.250700	-19.273400
-15.021900	1.073600	14.034200
-2.792900	-38.646200	-12.944100
-24.218100	-25.868300	1.416800
-27.122700	-48.734900	4.606400
-3.413900	-37.308400	-36.250000
-35.854700	5.905400	51.975300
-50.238500	-41.162100	4.932800
-50.059700	-52.636700	-12.366600
-56.281100	-15.982900	-21.611200
-62.209700	-40.664200	0.273200
0.159700	-51.066800	-30.286200
11.752700	-14.145400	14.847000
14.602700	-52.912100	-2.290300
14.807900	-0.219900	-2.699900
0.364100	-29.890900	32.080500
2.925300	-23.742900	-21.344800
36.216500	-68.867300	-32.263500
42.203100	28.000700	34.669500
48.266700	-56.426000	42.088000
59.370100	-21.328000	-19.260300
59.102500	-44.322600	-5.228000

//
//Subjects=17
-15.656700	10.534500	-5.799800
-23.119900	-66.636300	-24.047400
-35.073500	-54.566300	45.358600
-34.327900	-52.718300	-12.108200
-4.845500	-13.623500	10.111400
-4.742300	-27.483900	-2.010200
-4.795100	-47.979100	-3.952800
-4.778300	12.461300	12.583800
17.644900	-66.499100	-26.948200
31.592900	-58.289900	42.530200
32.436100	17.389300	-0.733400
2.548100	-17.388300	9.879800
2.124900	16.043300	52.677400
39.452900	29.120900	32.927400
6.486500	2.618100	-2.571800
6.354500	5.299300	8.490200

//
//Subjects=17
-15.656700	10.534500	-5.799800
-23.119900	-66.636300	-24.047400
-35.073500	-54.566300	45.358600
-34.327900	-52.718300	-12.108200
-4.845500	-13.623500	10.111400
-4.795100	-47.979100	-3.952800
-4.778300	12.461300	12.583800
-0.993500	-27.154700	-5.519000
17.644900	-66.499100	-26.948200
31.592900	-58.289900	42.530200
32.436100	17.389300	-0.733400
2.548100	-17.388300	9.879800
2.124900	16.043300	52.677400
39.452900	29.120900	32.927400
6.486500	2.618100	-2.571800
6.354500	5.299300	8.490200

//
//Subjects=17
-12.334300	-28.839100	12.146600
-15.656700	10.534500	-5.799800
-23.467900	-39.960700	10.904600
-26.931100	16.651300	9.002600
-31.381500	-58.311900	45.066200
-30.371900	-61.826300	-34.524600
-8.568700	-75.907900	-6.662600
-8.499100	5.027700	11.816600
9.825700	-84.153500	0.074200
13.908900	10.032500	-1.743800
27.891300	-58.270700	42.469400
28.796900	-66.208300	-30.335400
32.445700	21.115700	-0.380200
39.452900	29.120900	32.927400
6.183300	-25.208700	12.803800
6.326500	12.403700	12.766200
6.185700	29.642100	28.810600
6.006500	31.974900	43.442200

//
//Subjects=17
-12.468700	-81.008700	7.201800
-15.656700	10.534500	-5.799800
-26.660700	-58.119100	-34.110600
-4.854300	0.933700	15.093800
-42.457500	-47.075100	45.943400
10.251300	-62.734300	-26.716600
9.778500	-84.501900	3.643800
13.956100	10.380900	-5.313400
24.142500	-58.599900	45.978200
32.445700	21.115700	-0.380200
2.585700	-20.766300	5.957000
2.115300	12.316900	52.324200
2.548900	0.895300	15.215400

//
//Subjects=17
-15.675900	3.081700	-6.506200
13.946500	6.654500	-5.666600

//
//Subjects=17
-15.770300	2.384900	0.633000
13.993700	7.002900	-9.236200

//
//Subjects=30
-12.334300	-82.758300	-3.771900
-17.550100	7.488000	-3.417900
-20.483500	-26.557800	-1.287900
-28.988500	-14.108400	15.963000
-42.578500	4.561500	-1.416000
-9.829300	27.633300	49.969800
10.120100	12.149700	5.599500
12.623300	-80.354400	-0.419400
15.764300	7.315200	-2.870700
1.861100	-14.709900	-7.895100
1.806500	31.495200	9.994200
29.515100	-56.775900	-11.412600
35.104700	-15.405300	-1.993500
40.799900	13.036500	-4.607700
43.223300	37.834500	30.213300
56.719100	-30.880500	40.146900

//
//Subjects=15
-10.208700	-3.059300	-1.590400
-13.928700	7.790700	2.978000
-3.283500	-35.870300	26.047200
-34.244700	15.523300	1.565200
-4.716300	27.541100	12.211800
-6.455900	-19.150500	-10.258200
-8.358300	-12.210700	-4.227800
8.305700	35.275100	9.561400
13.936900	2.928100	-6.019800
13.847300	4.094500	1.296000
0.418900	-17.605900	31.443600
0.768100	-16.856100	4.495000
25.046900	13.875500	-2.993000
26.889700	-61.131700	-24.481600
2.255300	-23.205100	30.944200
2.270100	-8.473700	34.141800
4.362900	22.547300	24.504200
6.476100	-19.391900	-8.260600

//
//Subjects=15
-8.390700	2.172300	2.539400
10.112500	0.213100	2.666800
28.635300	14.848500	6.168400

//
//Subjects=15
-12.215900	-18.826300	5.890400
-17.814700	-0.862300	14.704400
-22.073500	-10.439300	55.164200
-24.894300	-45.957300	-23.920000
-29.601100	-49.702300	53.118800
-30.642300	12.944100	8.588600
-33.174700	-35.943900	47.155000
-36.256700	-2.106900	8.869400
-5.369100	-10.177300	51.868200
-45.988700	-34.831500	36.233400
-53.182700	1.478700	30.543200
8.228100	-12.819700	1.400200
15.814100	-40.753100	-20.936600
15.665300	9.326100	5.425800
21.141300	-11.372100	5.359200
28.602100	10.947900	7.600000
33.506900	-15.794300	50.192000
2.697300	-58.325700	-13.814800
39.768100	7.686500	2.074800
42.689300	-34.648500	50.362800
4.230500	16.086700	32.898400
6.710500	-54.217100	-36.779800

//
//Subjects=24
-27.672500	16.186500	-5.467600
-49.644100	-57.318400	25.933500
-49.185300	21.920600	13.629600
32.483500	22.308600	-2.969100
2.170300	29.172800	53.021200
45.677100	-51.378700	29.009600
50.769700	21.489300	14.378800
6.276700	6.552800	14.913600
7.315300	5.555800	5.828200

//
//Subjects=24
-28.626100	18.724800	-2.540700
13.849500	0.455200	0.050400

//
//Subjects=24
-11.446100	-70.243300	2.833900
-23.363900	-89.456700	-11.799900
-26.164700	-58.551800	-0.811700
-9.259300	6.251900	-0.692200
17.274500	-66.491500	1.873500
25.577300	-63.069600	5.040700
26.101500	-66.035800	35.397500
27.032300	-50.464700	39.591000
28.383100	-87.540400	-4.437000
36.583500	1.944700	32.105900
54.527300	-46.657900	-10.030900

//
//Subjects=12
-10.142100	9.312800	-3.119700
-11.076900	10.162100	-2.154200
-15.680700	1.218500	-6.682800
-0.227700	-8.232100	12.502000
8.284700	40.603400	12.768400
18.594900	10.444000	-6.129800
5.559100	10.833100	-0.007500
7.322300	3.779700	4.759200

//
//Subjects=12
-19.052100	53.024800	-17.146200
-23.051100	-71.136200	41.289600
-33.321700	14.586900	1.492100
-40.572300	-15.758700	52.545600
-44.317500	-41.650100	48.227600
-55.486500	14.118900	-2.530600
-9.505100	-3.787400	15.468700
-0.234900	-11.026900	12.237100
-0.589700	21.995700	49.592000
-0.199100	52.295400	28.146200
8.269100	7.588400	4.235200
10.223300	-68.862600	45.671300
11.156500	14.792000	-2.240300
0.173900	-9.361600	52.940100
18.825900	59.671100	-9.569800
25.053500	-64.194300	45.463600
26.031500	18.877100	-6.105900
25.925100	-53.629600	52.785200
29.601100	-45.612800	57.210300
29.898300	6.844600	49.573200
37.189500	48.456500	-1.313100
37.751100	37.541400	23.787000
44.568100	-41.762500	46.117200
48.092300	14.921900	4.702800

//
//Subjects=12
-15.204300	-15.808800	23.241900
-14.712900	-0.301100	-10.413800
-14.808500	25.495900	4.640500
-3.822500	-60.868200	60.604700
-23.142300	14.534100	1.659300
-25.971700	-15.088500	-2.996700
-3.489900	59.002400	-1.903000
-34.203700	-31.220500	56.593600
-48.880500	-34.756500	45.200100
-0.453500	7.465000	34.704900
8.309700	18.854700	4.402400
14.432300	-11.217300	23.277400
18.428300	-22.771700	-2.973500
25.849300	-60.586300	56.629100
44.495100	-38.645800	52.717200
59.019300	-4.725800	12.935600

//
//Subjects=19
-12.271100	13.666100	19.778000
8.172900	19.672700	15.287800

//
//Subjects=16
-12.682700	-65.224500	28.512300
-20.788100	-86.380900	4.750400
-9.327700	6.660900	4.750500
20.762900	-86.362100	12.661900
1.573100	-18.663500	13.345900
29.686100	23.080400	-1.141600
7.355700	12.251200	4.661500

//
//Subjects=16
-17.637300	9.586000	3.986200
-23.564300	-86.366500	4.704800
-9.393900	3.430600	8.947600
18.339900	5.820100	12.345700
23.595700	-86.872600	8.157200
26.841700	28.074700	5.589400

//
//Subjects=13
-18.539100	9.765000	2.186200

//
//Subjects=19
-14.851900	4.156200	1.717200
-6.701500	-24.618900	7.236600
12.959900	9.863100	0.025800
20.953700	-39.259500	11.722500
29.539700	20.172000	9.390600
4.403300	-24.676500	7.419000

//
//Subjects=19
-17.620900	6.965400	1.936500
-23.230300	-1.651500	3.727800
-23.081500	2.188500	-6.716100
-6.844900	-66.802200	5.940300
-1.170100	-19.319400	10.534800
13.008500	-11.711400	-10.125000
15.736100	9.848700	0.071400
18.306500	-2.651400	12.443400
23.723300	-28.356000	15.504900
1.369700	-84.136800	9.842100
31.936100	-86.828700	7.401600
54.567500	9.385800	3.387000

//
//Subjects=19
-12.595900	-76.464300	18.440400
-15.307900	-65.009400	16.777200
-48.465100	-30.776400	14.054400
12.425300	-76.332600	16.173600
18.512300	9.834300	0.117000
20.761700	-59.868300	20.577000
32.114900	-44.384100	6.020700
37.610300	-53.058600	7.994400
51.556100	-27.977400	10.606500
59.990900	-27.236700	2.711700
62.660900	-28.035000	10.788900

//
//Subjects=14
-25.077900	-36.345900	-6.797200
-8.868700	-30.600300	30.055400
-8.261500	43.336900	4.639800
-1.056700	38.178500	18.686600
4.598100	6.005700	1.320600

//
//Subjects=20
-12.054100	12.526200	2.557500
-23.330500	-27.066000	4.020900
-24.111100	-73.952700	50.914200
-31.672900	-18.899700	7.356000
-40.020700	27.609900	22.431300
-48.367300	-60.212700	-2.245500
-48.469900	21.279600	29.796300
9.920900	-11.253900	14.189100
10.446500	31.008900	-14.228700
12.134900	-81.217800	37.326300
20.615900	4.855200	51.029400
24.043700	15.133800	3.415200
26.768900	-18.156900	-2.395200
29.327900	32.316900	29.455500
37.178300	-58.989000	39.855900
37.195100	1.451400	56.392500
43.273100	43.685400	28.065900
48.283700	-45.333900	44.040000
48.948500	-56.876700	-11.093400
48.796700	32.477400	27.097500
49.066100	42.690900	9.151800
4.373300	-63.281100	-1.644000

//
//Subjects=14
7.095500	-3.377700	20.292600
7.442900	10.153200	-2.742600

//
//Subjects=18
-13.827500	2.140500	-6.564100
17.452100	2.446900	8.407700

//
//Subjects=9
-12.019100	3.645700	-2.787500
-17.671900	27.608300	11.999000
-21.948900	-74.405400	26.584900
-31.641100	6.923800	12.505600
-4.721900	7.394300	6.699600
-39.262700	-23.894200	20.267200
-41.702900	-55.213400	-15.171900
-44.139900	-26.630900	38.843300
-43.747100	0.029500	16.151900
-50.534100	-3.133100	39.159600
-7.607700	-17.161300	7.927800
10.962900	11.535200	11.861500
32.996300	-79.441300	-0.889100
39.760700	-53.598400	-15.442500
44.980700	6.063400	28.133900
46.248700	17.726300	4.937300
4.064900	5.725500	42.724200
66.112700	-21.673100	32.169600

//
//Subjects=9
-12.105900	14.885500	7.284400
-13.822900	-0.567200	-7.721400
-20.369700	-13.837300	-6.386800
-32.835100	14.998700	35.771700
11.031500	15.697100	7.752700
30.354100	17.520100	17.260800
39.481500	35.729200	32.653100

//
//Subjects=13
-10.135100	7.536700	-4.188700

//
//Subjects=13
-16.575100	8.763200	-6.884000
-17.489500	-9.428500	-13.127200
-40.804700	24.089000	10.373400
-41.837500	-58.034700	-5.532100
-7.840700	-58.178200	13.947300
-8.610700	-11.332100	15.669900
-0.490900	-38.505300	24.043100
10.237900	8.449800	-4.658400
17.689900	-8.592200	-13.353700
2.047700	44.242200	-5.009400
41.567900	28.319800	12.167700
47.897900	-60.537700	-2.449500
6.009700	-56.648300	17.029100

//
//Subjects=13
-36.988100	10.296500	-2.579800
-8.480300	3.338700	9.855200
-0.025300	-19.532500	-6.582200
11.035900	8.418500	5.261500
17.118900	-63.984500	14.720300
32.407500	10.781000	-0.459100
5.576700	35.637900	5.946200
7.254900	-26.876000	0.952900

//
//Subjects=26
-10.184500	10.827600	0.626500
-10.013500	36.764700	-5.021000
-12.162700	10.810700	10.500800
-3.337700	-34.442600	30.685800
-20.967300	23.790300	51.219000
-26.770500	20.578400	-2.333700
-4.017300	29.520700	30.428200
-44.394900	35.897100	5.125400
-7.432300	1.497200	-0.210900
8.100300	31.931200	24.555600
10.188500	11.740700	0.156800
28.741700	20.203300	-0.529300
36.950500	32.070200	12.444900
7.312900	4.624200	5.739900

//
//Subjects=26
-13.857900	8.313300	-2.376400
-23.578300	-82.814300	6.842800
-43.710300	-75.551300	-9.025000
-60.487100	-5.064700	20.791200
-1.212700	-76.294700	-2.971400
41.402900	-76.167100	-5.841800
43.136100	-67.905900	5.780400
44.981300	19.776100	32.135600
6.224100	44.547700	30.223400

//
//Subjects=18
-17.762700	1.349300	11.311400

//
//Subjects=18
-17.769900	-1.445500	11.046500

//
//Subjects=12
-25.014700	6.159300	0.834200
23.148500	4.394900	-2.121600

//
//Subjects=12
4.588900	11.421100	3.635200

//
//Subjects=12
-26.841900	6.343100	-0.981000
12.076900	8.353100	-3.735600
17.610500	10.013300	-1.683000

//
//Subjects=12
-8.371100	18.766900	5.913600

//
//Subjects=12
-6.543900	18.583100	7.728800

//
//Subjects=24
-15.709100	-0.818900	-5.074600
26.926100	15.903300	-4.570800

//
//Subjects=24
-15.741900	4.422300	-0.975200

//
//Subjects=24
-19.609100	-5.919700	8.789800

//
//Subjects=24
-11.898700	5.448300	-11.623200
8.259500	3.862000	3.882000

//
//Subjects=20
-14.717500	2.406600	-9.256500
-17.493700	2.421000	-9.302100
-23.286700	3.415500	9.612000
-39.702100	29.961600	-1.663500
-0.799900	30.021300	-3.702300
15.827900	5.043000	-8.490000
21.019100	-0.393600	18.108300
1.594100	29.927400	26.057400
26.620700	-8.284200	12.050400
7.471100	7.619700	-5.684700

//
//Subjects=16
-11.826100	47.109000	-4.972500
-23.116900	1.927200	-4.038900
-6.726700	46.478100	30.187200
15.820700	2.248200	-8.754900

//
//Subjects=30
-9.283300	50.855100	14.343300
-9.115300	8.228700	-11.312700
9.958100	30.145500	23.517000
7.534700	5.347500	-11.304000

//
//Subjects=19
-12.923100	7.464000	-3.341900
-3.290500	-34.094200	27.116200
-2.649900	48.314500	1.602900
-2.666100	55.506000	4.986500
-1.635500	-33.721300	42.494000
-1.414700	-1.933300	34.699100
11.149300	11.997200	-2.505200
21.483100	35.931200	-7.269700

//
//Subjects=19
-2.579100	48.837100	-3.751500
-2.725100	55.070500	9.448500
-19.422100	8.255000	-1.575200
-6.555700	18.496000	8.621200
-1.150700	-7.295700	12.575100
7.325300	18.424000	8.849200

//
//Subjects=39
-10.151500	10.157300	-2.139000
-28.783100	-10.764500	0.968800

//
//Subjects=39
-11.983500	8.477900	-4.130800

//
//Subjects=17
-9.519100	-0.235200	17.606700
12.959900	9.863100	0.025800

//
//Subjects=17
-9.420100	-2.246100	9.310200

//
//Subjects=17
12.952700	7.068300	-0.239100

//
//Subjects=16
-10.217900	2.356100	0.724200

//
//Subjects=15
-11.990500	10.254000	-3.061800
-25.746100	18.562700	-10.615000
-4.157900	-56.508400	15.969500
-3.708900	14.433300	1.978500
-41.264700	-82.575400	14.673900
-48.418900	-53.282500	3.815300
-54.951100	-56.392100	7.013600
-8.091900	37.277700	-10.345000
11.293700	23.115800	-10.457900
18.575900	7.562100	-5.502300
32.735500	-0.944500	42.577300
37.442500	-59.780500	19.065800
48.535900	3.135800	38.726900
6.545700	7.624500	-5.699900

//
//Subjects=15
-11.983700	3.907000	-5.464700
-8.295500	21.152700	0.735800
12.093300	5.732500	-5.785300
32.285300	21.759500	12.290000
3.651700	11.338800	4.512400

//
//Subjects=15
-14.915300	10.999300	8.670400
-17.561900	7.400900	-2.525500
-55.628700	-0.639000	4.176500
-0.425500	-53.558600	14.510400
0.112700	60.994100	6.454300
17.603300	7.218500	-1.947900
21.971900	-75.134700	-6.072700
44.069500	7.086900	27.314600

//
//Subjects=12
-17.733900	12.528500	12.371000
-3.665900	-40.520700	54.427400
-23.525900	36.377500	37.954600
-27.128300	38.956700	30.931200
-29.714300	-48.710100	62.219400
-28.644700	24.984700	0.754600
-32.529500	43.757100	20.484400
-36.865500	-4.772900	55.450800
-4.498300	49.255700	1.660800
-38.683900	-19.146300	48.653200
-38.887500	-35.271300	59.734000
-37.974300	22.646900	5.780400
-38.182700	4.658700	16.684600
-6.891100	-44.296100	16.179400
-8.797500	-20.935900	27.368800
-8.371500	9.625100	3.245800
8.076900	-17.591300	11.755800
11.627700	-13.240300	24.840000
11.230100	-41.763900	47.354800
15.020100	-70.374900	32.096400
0.278100	-0.367500	47.488000
34.244100	9.752700	0.375400
2.170100	-29.317300	35.768800
50.938900	6.288300	-3.273800
4.225700	14.223500	32.721800
5.922100	-63.692100	21.765400
5.633700	-76.787500	40.338600
6.643700	36.678300	-4.747400

//
//Subjects=12
-15.859900	3.551300	7.948800
-5.293100	1.350300	49.358200
-7.187500	-24.550700	45.070600
9.588900	3.659300	44.423600

//
//Subjects=12
-10.747100	-14.344500	36.968800
-10.436700	-37.642100	5.939600
-14.555500	-82.741100	25.019400
-16.120300	-16.648500	22.246000
-15.933100	-51.822100	-2.703600
-16.320700	-67.477500	22.832200
-3.277100	2.560100	36.895000
-23.905900	-21.260500	50.504600
-25.105500	-20.099700	0.146600
-27.493500	-3.949900	46.678800
-29.295500	-74.863100	21.913000
-31.014300	30.303700	42.657600
-33.354300	-42.752900	59.118800
-32.385100	0.956500	-3.386800
-36.837900	-21.019100	48.507000
-4.930300	-10.593900	17.603800
-4.523500	12.514300	-7.225600
-5.491500	-3.769700	63.283400
-38.768700	-16.116700	56.145600
-42.094300	-49.877500	16.856800
-54.735900	9.168300	9.625000
7.791700	-65.390700	19.834400
8.129700	2.903900	13.698400
10.036100	-20.456300	2.509000
11.866900	-46.202300	-3.502600
12.110100	12.253700	-5.167200
11.963300	0.203500	2.697200
19.118900	-51.012300	6.974600
21.084900	-6.305100	11.243400
22.583700	-71.057100	19.547800
24.680500	-56.456500	4.751200
26.610500	28.195900	23.614000
26.898500	32.149500	2.373000
30.472100	18.391100	8.336800
29.744500	-3.429500	58.506600
32.543700	-3.749700	-15.346200
2.101700	-82.827500	25.293000
37.237300	-4.634300	51.312400
39.624100	-48.209500	-3.223200
45.162900	-35.544300	1.673800
46.443700	-14.172500	52.366200
52.231300	-30.742900	29.273800

//
//Subjects=12
-10.315500	36.363300	18.358000
-19.599500	-2.193300	9.143000
-27.760700	-71.721900	47.460400
-36.995500	-64.221100	48.014800
-36.643500	0.521300	39.740800
-39.781900	39.425300	7.339400
-44.202300	3.066700	52.466000
-7.290700	-10.690300	57.192200
-8.387100	-23.389900	-5.287400
10.155300	7.840100	1.588400
2.103700	-37.118500	38.632000
3.839700	-72.703100	37.091800
3.948100	-75.558500	27.814600

//
//Subjects=15
10.047300	19.837300	13.533400
4.433300	13.928100	16.482000
6.425700	14.963700	5.803600

//
//Subjects=15
-4.627900	-1.050700	-3.107400
-39.651500	0.176900	-14.393800
-56.629500	1.550900	10.673000
0.984500	-31.708700	-16.727200

//
//Subjects=15
-14.047100	-2.222100	9.234200
7.889700	17.582300	36.705400
38.159300	38.726700	-7.623600
48.406100	-51.741500	32.624800

//
//Subjects=15
-12.069500	-15.917900	-4.641800
15.673700	-14.372900	-2.224400

//
//Subjects=16
12.981500	18.247500	0.820500

//
//Subjects=19
-12.141300	14.624200	9.961600
-24.867500	27.351300	-4.362400
-5.024100	2.422000	28.744700
-8.350900	-4.845000	-2.629000
13.681700	-6.266700	11.121800
1.008900	-13.250900	-13.176400
21.069700	-84.097500	-10.540500
1.672100	33.244800	20.967900
26.985500	25.480600	-6.365000
2.376500	-3.118900	27.444100
3.008100	35.356900	-10.339200
43.321900	26.681800	19.249000
4.681300	20.328100	-0.924500
4.721500	22.452600	-3.425100
6.057100	-51.729000	14.793400
6.403500	-7.133400	1.007200

//
//Subjects=19
-3.323300	-28.853000	31.215600
-30.678300	52.889300	23.182600
-4.855300	-21.920800	8.424300
-4.905100	26.147500	26.490200
-43.232100	2.478700	48.823300
-45.494900	35.527000	18.584500
-8.379300	-6.882400	-1.020800
-8.409500	3.861300	4.500800
11.906500	-3.871300	5.913600
19.430300	2.463800	-1.466600
23.103100	-62.653800	-18.383900
22.668900	42.893500	46.560200
2.474500	25.934900	28.396600
4.602100	-64.333900	-19.756900

//
//Subjects=22
-12.306100	-85.291800	-6.714000
-11.847700	38.724600	-5.767200
-6.872500	-50.556000	12.884100
12.903500	14.930100	5.910000
12.535700	20.440200	36.153900
24.245900	-54.656700	-32.921400
4.232300	-50.613600	13.066500

//
//Subjects=22
-28.769500	-23.458500	-3.837000
-34.050700	27.921900	-9.868800
32.179700	-19.230900	8.404800
4.609700	1.521900	-0.905700

//
//Subjects=21
-12.061900	-3.981300	-1.709100
-12.797500	7.038900	58.778700
-15.300100	-48.501900	21.043800
-15.446500	2.508900	47.494500
-17.727700	-7.531200	5.966400
-17.599300	15.349800	2.731200
-20.269300	16.148100	-5.346000
-23.664100	-48.720000	23.584200
-23.386300	-8.286300	13.906800
-26.105500	0.373800	11.978700
-31.431100	7.560000	-3.645900
-40.113700	4.990200	22.989300
-9.189100	-60.857400	-25.966800
-9.246100	-69.503100	-24.084300
-9.495700	49.287300	30.406500
-9.292300	6.922200	2.073300
10.119500	-1.563000	1.597800
15.238100	-48.660300	21.545400
15.474500	16.142700	22.283700
18.127700	-45.096000	13.824300
23.810300	18.894300	22.685400
26.937500	-47.070600	-24.049500
26.638700	-82.176000	-11.165100
45.934700	12.666900	27.874800
4.730900	21.608100	-4.405800

//
//Subjects=21
-12.344500	7.641000	23.710200
-15.475300	-8.670300	46.434900
-17.461300	-65.881200	-31.987800
-18.157900	27.676500	49.833000
-23.731900	19.320900	48.947100
-29.264500	-13.404000	37.645500
-29.228500	0.570000	38.970000
-1.021300	-15.479400	0.090900
-0.928900	-6.572400	-4.468800
12.563900	17.906700	33.211800
15.125900	-24.813600	37.315500
20.954900	-11.834100	19.725900
23.654300	12.259500	32.864400
1.748300	-4.575900	3.873300
29.241500	-1.220700	26.276700

//
//Subjects=12
-12.956300	3.563400	-1.910300
-4.246100	-23.345700	32.622600
-3.975100	-30.484200	9.429600
-45.413900	-54.349700	-14.252000
-5.766700	28.451000	22.189600
-54.013700	-51.738900	7.470300
-6.896100	3.189000	30.587400
-8.310300	6.421300	-2.461800
15.600100	-78.888100	-15.544600
18.535700	5.437600	-3.001700
32.474700	-70.972600	-29.823700

//
//Subjects=17
15.488300	8.019600	18.811800
15.495500	10.814400	19.076700

//
//Subjects=12
15.488300	8.019600	18.811800
15.495500	10.814400	19.076700

//
//Subjects=16
-12.082900	1.347000	1.497900

//
//Subjects=15
-12.643300	-27.464400	36.594600
-26.064100	-23.995500	1.563000
-34.607500	-80.370900	1.482600
-6.487900	4.374300	-0.823200
-59.611900	-20.062200	20.286000
-59.634100	-42.159300	15.489600
10.061900	-23.921400	-0.521400
9.553700	7.968900	48.434700
37.950500	-42.322500	-15.305700
37.435700	0.485700	37.387200
56.917700	-21.189600	27.555600
6.931700	-26.520000	26.205000

//
//Subjects=23
24.036500	12.339000	3.150300

//
//Subjects=23
-25.977700	9.542100	4.741800
9.769700	-69.944700	8.626200
20.557100	-44.928600	40.906800

//
//Subjects=18
-10.165900	4.567700	-2.668800
-19.463500	-21.294900	-7.078000
-19.583500	-67.874900	-11.493000
-26.893500	13.273300	5.079800
-30.481900	12.300300	-4.081600
-35.101900	-56.603700	46.966800
-4.965900	-69.345300	3.028600
-4.711500	29.404300	12.388400
-51.483100	-3.302500	40.929200
-53.057500	-48.774700	5.965600
-55.057900	-16.969500	26.962000
8.303300	-19.575700	-6.445400
9.889700	-23.364700	13.041200
13.847300	4.094500	1.296000
15.576900	-69.920500	-11.092000
17.537300	-45.360100	-12.335400
19.393700	-25.222900	-6.792800
31.531700	-55.086100	48.237800
2.474500	25.934900	28.396600
37.249300	-53.895500	35.835400
39.097300	-10.059300	49.028200
41.379700	-67.199500	-1.389200
45.006900	-42.179100	11.852800
45.099700	29.788900	25.879400
46.732500	8.064700	36.460800
46.925700	2.179700	19.691200
3.806900	-67.461900	41.191200
4.094100	26.046500	46.451600
4.500100	30.871100	16.286600
6.012900	-37.433100	22.453000
5.752900	-48.491100	39.418000

//
//Subjects=18
-12.934300	-46.062300	53.745600
-21.283300	-26.978100	60.817500
-20.425900	-4.199400	0.831300
-46.035100	-16.896300	45.138600
-56.871700	-34.050600	19.007100
9.545300	-22.251300	40.166400
15.636500	-1.853100	4.366200
23.121500	-32.798100	61.017300
37.286300	-17.067000	43.829400
54.204500	-37.160100	17.889000

//
//Subjects=15
-17.707700	18.205200	12.008400
-20.827700	-20.873500	27.171200
-21.144500	17.912900	63.271100
-23.661700	-47.788400	23.672500
-26.882100	-62.933300	53.713000
-26.580700	-63.011900	-41.779600
12.456900	-41.847300	-48.122600
17.627900	30.247200	2.936800
23.580900	-47.684800	20.878100
27.305300	-11.894200	29.737000
36.350700	-75.187800	-44.571100
3.428900	-12.239000	14.886800
53.770300	-39.451200	50.996100

//
//Subjects=14
-10.317100	-0.203900	7.686800
-21.461900	-51.619100	-4.579600
-27.359900	-77.902300	14.451000
-32.370300	15.687900	-0.189200
-32.562700	39.856500	21.916000
-49.676300	-38.364500	34.034600
-6.554700	-12.568700	-0.627800
-1.487500	5.754300	42.633000
11.963300	0.203500	2.697200
26.088100	-48.770900	41.537200
26.805300	-48.960300	-14.321400
26.275700	-74.802700	19.255400
26.591700	29.884900	25.575400
34.192100	7.541100	3.768400
4.516900	-16.526900	0.986200

//
//Subjects=14
-26.959500	14.613900	10.610800
-30.782700	39.324300	27.300800
-8.471100	-2.076700	7.540600
9.678900	11.634700	39.775600
10.046500	1.553700	8.197800
28.395700	38.668700	31.843200
32.332100	12.966100	6.052600

//
//Subjects=14
-14.742900	1.780800	64.553600
-8.419100	0.134900	4.147600
26.864900	19.107100	1.136800
26.564100	46.131100	32.519200
6.368500	1.747100	6.352200

//
//Subjects=14
-30.519500	15.678300	-0.158800
-8.442700	-0.039300	5.932400
8.242900	1.911700	4.597800
28.663700	16.885900	4.560200
2.120100	14.180100	52.500800

//
//Subjects=13
-15.600300	5.467500	-11.684000
-18.295100	19.352700	58.050600
-2.865100	36.673300	14.910000
-19.358300	10.553700	-5.860600
-25.570700	23.988500	49.358200
-29.489100	-78.119900	36.014800
-32.184700	51.785500	-3.973000
-49.531100	-62.881500	15.499000
-1.413900	-37.568900	24.116200
-0.810700	52.788700	3.859600
6.472900	15.312100	2.234000

//
//Subjects=13
-10.027900	-76.663300	-37.387800
-21.330700	-72.583900	-20.977200
-4.750700	-3.784900	5.640000
0.683300	-13.826500	11.987400
2.512100	-85.281500	-7.363200
2.475300	44.218500	33.732200
4.179300	32.158700	41.627000
4.085300	40.603700	51.434000
60.026100	-31.546300	-1.299400

//
//Subjects=13
-10.165500	13.709500	-0.001000
-14.565500	12.229100	53.835400
-16.098700	45.655100	38.959200
-18.609900	-57.909500	59.734000
-2.869900	34.810100	14.733400
-19.358300	10.553700	-5.860600
-21.821900	24.317700	45.849400
-42.326700	-77.181700	26.878000
-44.407900	-58.767300	50.207800
-44.030700	-65.121900	18.983200
-48.993500	37.958500	3.441200
-7.037500	-47.204500	26.711600
-71.793500	24.576900	45.028600
-0.740300	44.169500	-4.162600
-0.834300	52.614500	5.644400
17.634100	10.187500	-3.467800
28.018500	-62.815100	31.230800
3.618900	-50.571900	60.805200
6.472900	15.312100	2.234000

//
//Subjects=16
-3.122500	-76.720600	1.460200
-23.208900	-11.070700	71.300500
-26.900500	15.049400	6.148800
-33.318100	-64.894500	-22.253200
-35.495700	14.952500	26.713800
-44.046900	-57.930400	22.366800
-45.287700	26.089800	-0.323100
-5.673300	6.293300	8.380900
-7.153100	20.008000	-16.469500
15.584900	5.077100	10.427000
17.739300	42.036100	-2.250400
20.177700	-75.621200	-10.653400
29.672900	-76.154900	42.606900
32.096100	-42.695100	7.982100
2.713100	-20.739800	-3.947700
3.709900	-60.428500	-21.203700
48.156500	26.362400	3.085200
53.226500	-53.079600	17.265100
59.209700	-20.684200	-6.590100
5.715500	13.377000	60.593200

//
//Subjects=22
-17.550700	-6.224700	-7.419600
-17.781100	12.180100	15.940600
-3.359500	-47.397900	28.557200
-3.015500	50.185300	30.601200
-32.549100	27.162500	17.110200
-41.846300	10.441700	15.368800
-47.845100	-54.968700	30.690800
-49.202300	10.828500	11.677600
-51.669500	-57.683700	39.377400
-55.229100	-47.477500	31.275600
-60.346700	-31.444900	2.079000
-62.098300	-28.875300	-4.914000
-8.319900	2.694900	-2.815000
-8.487900	45.321300	22.841000
10.123700	40.506700	13.691200
25.141300	14.572300	-10.132200
32.554500	27.402100	-6.989600
43.626500	32.585700	-2.707800
45.432500	-20.759900	-14.938000
48.543300	-43.417700	24.407200
49.094100	35.586500	4.875800
48.469700	-0.094500	42.924000
52.580100	-39.134900	-0.342600
60.007300	-29.857300	0.662000
63.647300	-35.814500	3.762600

//
//Subjects=22
-4.569900	30.449500	1.679600
-47.934700	-53.802300	38.006600
-8.319900	2.694900	-2.815000
23.271700	16.270900	-8.201200

//
//Subjects=22
-10.561900	-95.227100	-1.319800
-14.220700	-87.580900	-2.459000
-15.747100	-6.582700	-3.819600
-23.275900	-73.271100	-13.868400
-28.780700	-63.752100	-14.861400
-51.504300	-56.464300	26.883800
-8.305900	-0.857300	-4.953000
8.406900	-24.294300	-15.899200
24.302900	-59.243700	33.308000
26.815700	-26.950300	-8.632600
26.949700	16.077500	-6.355600
47.252900	39.322500	5.198600
50.864500	31.327900	9.907400
6.398500	40.351700	15.415200
6.472500	6.170300	-0.433800

//
//Subjects=22
-14.427500	-69.001900	19.116400
-14.395100	-83.384900	12.349200
-14.178300	-89.095700	-6.205200
-16.156700	-93.683500	2.335200
-3.313900	-83.616700	14.316400
-19.546700	18.301900	11.085600
-26.902700	18.688700	7.394400
-6.610700	1.640100	7.924200
-9.238700	-75.370100	45.626400
-1.514700	-76.696100	20.407600
-1.411500	-90.556500	8.286000
11.138900	-77.164700	43.999400
0.635700	-23.316700	12.889200
2.590500	-18.903100	6.133600
2.490100	-48.888500	5.092800
3.778100	-78.641100	40.131600
5.985300	-21.186900	29.396800
5.940500	-74.522900	17.136200
6.439300	2.269700	0.997800

//
//Subjects=16
-10.752100	-74.697800	19.539800
-15.713500	6.459700	-2.583400
-16.768500	10.077300	8.551700
-29.078900	22.693600	33.861700
-29.741500	43.829800	19.637600
-35.004700	-45.833500	42.583700
-4.864500	-16.505400	10.738900
-39.941300	9.004400	10.760600
-43.966700	-58.252300	16.031700
-46.892100	-17.300500	39.680700
-50.355500	-19.178600	20.526300
-53.430300	-49.698700	34.699000
-6.699300	25.661000	21.909500
8.532900	-69.496800	32.970700
12.527100	-68.270100	10.633200
14.777700	10.523800	2.821700
20.353100	50.875700	13.044900
1.340900	12.522400	40.619500
30.915900	11.175900	43.694800
33.048500	35.179600	28.888800
38.765100	13.515700	9.816900
39.757700	39.595700	12.304500
40.955300	-7.274100	49.323500
45.266500	-40.262900	-7.780000
48.302900	-37.881100	44.746400
48.760700	-35.415800	9.854500
53.349100	-54.916300	7.183800
5.335500	-31.028300	5.031300

//
//Subjects=16
-18.607700	5.603100	6.295000
-3.151500	15.367700	30.903700
-28.661300	23.034400	1.470400
-45.737500	-63.135500	8.332300
-45.756500	-12.098200	24.878300
12.912700	9.514700	3.595400
22.239500	1.779100	-4.186500
24.097300	53.912600	10.693400
29.396300	31.907900	24.012800
32.393500	14.333200	1.678900
38.841900	43.326900	12.642500
42.251700	6.426200	24.518700
2.891100	-9.811500	57.447700
3.104100	5.469000	45.386200
51.246500	-40.315400	31.052800
7.168500	-6.494400	13.692600
7.070700	22.941900	29.992500

//
//Subjects=15
-15.044100	-21.023500	9.237800
-16.745700	-8.032100	1.431300
-17.595500	-5.641500	-3.761700
-28.616700	17.880300	-3.521400
34.212700	46.990200	13.812100

//
//Subjects=19
-26.858900	-71.900900	49.260400
-31.550300	-33.969100	65.386600
13.072900	4.300000	-10.408700
28.912300	36.998600	-8.844600
32.376300	-68.481700	50.586400
42.128700	-0.878900	31.932200

//
//Subjects=13
-24.346900	49.947300	33.821200
-44.449900	19.041200	4.428400
-6.724100	-1.938600	15.690900
10.835100	2.366900	19.098400
0.718300	-22.707000	6.642400
43.765300	10.324800	51.939200
2.963100	18.136500	60.096700

//
//Subjects=27
-14.638300	33.149400	-6.342600
-26.088100	-87.230700	-15.238500
-29.493100	-61.699500	41.173800
-28.483300	47.195400	-5.246100
-37.194700	33.446400	20.329500
-42.975100	-1.107600	27.768300
-48.911500	-42.296400	45.386100
-6.572500	11.974800	8.003100
10.204700	4.549200	-3.226800
26.652500	-90.299100	-14.637000
4.504100	14.450700	11.127600

//
//Subjects=27
-6.473500	9.963900	-0.293400

//
//Subjects=24
-24.888300	-16.668700	-15.740000
-50.991100	25.917900	11.275200
6.458100	0.580700	-0.963600

//
//Subjects=31
-28.652900	-0.664600	-6.179800
-4.590900	-18.141400	-11.031900
-4.611700	-8.242200	-6.491000
20.412500	6.533800	-4.667800

//
//Subjects=31
-11.440300	-45.525600	9.680000
-29.621100	-21.519500	62.995300
-5.284300	-13.206900	44.375800
-8.482300	11.548900	12.434700

//
//Subjects=10
-13.092900	8.952300	10.309000
-16.273700	-71.700000	17.928700
-16.886100	-35.571100	4.225000
-17.451300	-66.245700	39.145100
-26.684500	-76.096900	34.452200
-4.015100	25.881400	29.182600
-31.040500	-83.211400	11.183200
-38.157100	-57.296500	-3.598200
-7.696300	6.859600	21.913100
9.310500	3.432100	66.017800
11.192700	33.336900	0.418100
11.697900	27.488800	31.402400
0.614900	-13.417500	17.430100
-0.005100	-2.457900	68.905600
18.264900	-36.772200	5.606700
18.561700	-47.375800	-20.616700
18.929100	32.578000	46.420500
24.033900	-47.082700	-14.190400
24.703900	46.985200	33.469500
25.133900	7.206600	-11.731000
1.809100	-16.921500	-4.502100
1.277900	-25.411900	34.322000
29.849300	32.510000	-11.055700
32.814500	-82.611000	12.320300
41.384300	-69.907200	-2.546500

//
//Subjects=10
-11.023900	35.228200	1.122300
-14.530900	-46.479700	-38.207800
-16.113300	-18.424600	21.177000
-15.933900	-70.105700	-8.039200
-16.679100	4.340000	-0.098000
-18.128900	-64.411800	20.389500
-3.052700	-45.133300	5.354800
-2.543900	-63.310900	-39.599600
-26.594100	-58.979700	32.472000
-27.644900	-67.211600	39.782000
-26.826100	-63.909400	-22.950900
-4.370900	-71.788900	28.031000
-28.246900	-49.759200	-52.263300
-32.310900	-41.886700	50.210000
-34.040500	-21.790900	46.679500
-34.798700	-82.696100	15.672700
-36.828300	-57.979200	-35.170200
-37.975500	-58.697700	-18.141500
-41.442900	-44.155400	-32.136900
-6.144900	-41.968100	30.826200
-48.700300	-14.234800	37.238000
-57.718100	-7.873900	20.571900
-1.583100	-22.367900	41.768800
-1.203500	26.128300	26.551000
-0.900500	-71.686900	46.116400
10.358300	-56.899500	38.699300
10.380700	-84.150700	28.911100
0.024900	-71.691700	46.131600
18.055500	-23.695700	25.759900
20.468700	-57.023300	-27.804400
22.429700	-85.902100	27.147300
1.193100	-22.382300	41.814400
27.452900	-89.398800	-4.628800
29.586500	-55.773300	55.346600
32.663300	-33.463400	38.594400
1.820700	-34.638000	61.383500
2.499700	-45.162100	5.446000
3.008500	-63.339700	-39.508400
35.539500	-66.553400	21.094500
41.918500	-46.772500	-37.280600
44.715500	-56.686100	-41.775900
45.177900	-70.161200	-9.713200
46.714700	-21.311000	29.173200
56.098900	-11.259100	22.176600
7.415100	21.828500	2.867300

//
//Subjects=18
-11.360500	-1.070100	16.595600
-14.677100	63.021200	5.495300
-19.279100	-79.774600	33.328200
-22.303500	-23.579200	-2.838200
-23.066700	-50.232000	48.674900
-22.612300	36.285600	38.862200
-4.238700	-15.980000	34.221400
-4.023100	-49.116200	7.663600
-4.575500	-56.849200	48.360800
-3.936500	-11.007700	12.176300
-4.022500	18.515700	27.583800
-3.568700	37.401400	-2.149100
-3.794900	43.956700	17.386000
-44.721500	-41.452200	7.701200
-44.931700	7.259900	38.437300
-48.280900	-26.675100	0.933300
-7.721700	-34.452700	11.692800
-8.035900	9.836200	49.214900
-8.359500	14.283100	3.687300
8.250700	18.419200	8.864400
10.186100	-56.342800	52.261900
10.829900	-8.638100	16.254000
10.917700	2.976600	12.851600
22.411100	-79.642200	30.442600
25.204500	-63.993600	33.774100
25.898300	48.052100	12.871200
29.676900	-38.656100	53.366400
29.827900	-38.455400	41.676900
29.743700	-75.632300	37.252500
2.923500	42.957400	-1.512900
5.608900	16.684000	-2.154900

//
//Subjects=15
-4.050100	34.761900	34.527600
-9.292300	6.922200	2.073300
26.900900	-74.757300	-29.375700

//
//Subjects=16
-12.482500	-72.885600	10.673700
-12.111100	3.880500	4.440000
-15.676300	-73.212000	43.019400
-4.306300	2.712600	44.999700
-40.421500	-74.048100	23.603700
-1.105900	-7.878900	8.917200
9.975500	-57.459000	-3.700200
9.302300	-76.136400	43.164900
17.750900	-83.518800	31.798200
7.085300	-74.736000	0.019200
7.251500	3.257100	10.113600

//
//Subjects=16
-18.308500	-17.301600	48.271800
-29.484700	-31.479300	49.442100
-31.770700	10.536600	23.655900
-48.388300	-54.884400	0.961500
-48.445300	-63.530100	2.844000
-6.501700	12.497400	2.648700
-9.966100	-25.467900	44.936700
-1.179700	-76.965000	-5.736900
12.502700	-86.727900	7.082400
15.590900	-73.472700	-13.230000
23.746100	7.453800	24.303000
29.284100	1.835400	23.864400

//
//Subjects=16
-23.983300	-64.784400	43.677300
-6.636700	0.534300	9.620700
-9.355900	9.194400	7.692600
29.131700	-84.280800	10.298100
34.762100	-80.992200	5.299800

//
//Subjects=11
-20.583900	-2.624000	13.589800
-24.941900	-68.680200	45.093700
-24.176500	8.252500	8.253500
-27.040900	-12.489600	8.942500
-30.581900	-62.462500	-18.373100
-34.168100	-26.388300	55.250300
-37.830300	-42.528200	47.353300
-40.072100	39.111000	29.826000
-44.011700	-8.320800	34.274200
-46.447900	-2.141200	9.594600
-50.381900	-29.426200	19.555000
-50.759500	-32.213400	48.111800
-52.696100	-38.796000	-19.207600
-57.004900	-4.875600	37.984200
-0.957700	-71.670800	-21.446900
-1.546700	0.747900	45.761100
22.048500	4.024800	11.337500
31.464900	-58.796400	-19.678700
47.952500	1.095600	11.498200
4.663700	-71.628600	45.315200

//
//Subjects=11
-1.834900	5.456100	-2.443700
-32.476100	-43.106100	62.703600
-31.624100	-89.822500	-17.379400
-40.631900	37.245000	0.812500
-46.030500	-73.523200	28.062800
-47.986300	20.279800	-8.126000
-59.263100	-28.454200	-9.330400
-8.120900	-45.624300	39.454900
0.015900	5.446500	-2.413300
8.904300	-100.569100	-5.100000
19.451300	-56.783700	-20.592100
39.674700	-77.994200	-15.953500
52.716300	0.253600	0.688800
56.181100	-19.791200	13.262000
4.834700	-45.691500	39.667700

//
//Subjects=16
1.905500	29.484300	1.697700
4.616900	4.316700	-0.640800

//
//Subjects=24
-11.298500	14.009700	16.223600
-14.760100	-0.649500	-6.844200
-22.548900	-78.395900	0.072000
-7.863900	-49.210600	18.399900
-7.707300	25.056100	28.141100
-8.254700	36.989900	2.236900
-0.199700	-15.336500	8.226000
0.038100	-26.375600	-13.535400
26.164100	29.908600	-13.166200

//
//Subjects=12
-13.848500	7.468800	-3.357100
-29.928700	-82.754200	-3.168300
16.651300	46.324000	11.650200
22.778700	-35.804000	14.783300

//
//Subjects=20
-11.988300	6.614700	-4.307400

//
//Subjects=20
-26.727500	32.776300	-2.078200
-50.910700	30.166900	6.274000
-8.234300	17.948900	-4.971800

//
//Subjects=20
-15.689900	6.633900	-4.368200

//
//Subjects=20
8.346900	6.334900	-2.188200

//
//Subjects=30
-10.184700	6.256700	-0.707400
-17.483900	10.718300	-7.615000
-3.221900	-29.932300	23.007400
-34.263100	26.354100	6.194400
-34.097100	45.857100	-0.963600
-5.153500	-43.313500	25.310400
-42.394300	-4.569900	53.574800
-44.076700	-38.044900	30.556200
-44.048700	-45.149300	26.280200
-46.005900	3.424700	48.866000
-47.358300	-36.753300	-1.807600
8.252500	5.638100	4.951000
50.781300	-36.913700	-3.766000
4.405300	21.032500	20.758000
4.448100	28.659500	19.679600

//
//Subjects=10
-17.557300	4.693200	-3.682800
-23.515900	-58.592700	9.138600
-26.293300	-86.003700	1.089600
-6.504700	-56.066100	-17.359800
-0.844300	-14.172900	-13.295100
-1.193500	-68.841900	-2.265000
15.686300	3.997800	2.218800
15.615500	3.475200	7.573200
21.394100	-3.108900	-11.870700
1.738100	-75.934200	-16.400100
4.607300	-53.328900	-16.912500
7.190900	-87.664800	-12.014100

//
//Subjects=10
-14.851900	4.156200	1.717200
-20.532100	-4.983300	8.862900
-31.502500	-6.675300	-2.293200
-48.479500	-36.366000	13.524600
12.931700	12.396600	2.967900
15.672500	12.120900	5.690700
18.405500	-4.662300	4.146900
32.258300	-2.200800	7.317000
57.137900	-3.114300	15.759000

//
//Subjects=10
-12.203500	-5.026500	8.999700
-14.802100	10.007100	-0.430200
-25.956100	17.926500	5.536500
-29.125900	-80.922300	6.928200
-39.816100	12.670200	2.101500
-45.442900	-70.099800	-16.645500
-48.358900	-29.992500	6.022800
-6.504700	-56.066100	-17.359800
12.917300	6.807000	2.438100
15.536900	-13.554900	8.661000
15.856100	2.509500	-11.432100
18.391700	3.460800	7.618800
32.176700	-87.794400	-11.603700
49.040900	-47.969700	-15.653100
51.691700	-2.301600	7.636200
4.501700	-40.400100	-4.879200
59.870300	-33.610200	10.213500

//
//Subjects=10
-14.844700	6.951000	1.982100
-17.727700	-7.531200	5.966400
-28.825300	-4.678800	6.048900
-6.778300	-0.510900	20.329500
15.686300	3.997800	2.218800

//
//Subjects=23
-11.136300	-66.567100	51.833400
-15.812300	13.041500	7.047000
-18.393100	-63.620300	41.179600
-20.059500	-54.938500	29.362000
-20.027900	-87.605100	17.259200
-25.767500	-52.402700	42.117600
-25.527500	-67.081100	19.110600
-25.702700	-81.168700	28.583200
-27.335900	-68.586300	15.334000
-32.973900	-83.811500	17.399600
-8.314700	13.699900	0.029400
-0.811100	43.646900	1.191800
9.759700	-82.812900	5.605200
11.920100	-16.565300	1.107800
30.580900	24.677500	1.727400
31.903300	-81.587500	11.501000
2.300100	-77.707500	11.367800
35.727700	-78.872500	2.814400
45.090500	-72.634100	-3.643000

//
//Subjects=20
12.091300	13.942700	-3.205800

//
//Subjects=23
-38.093100	3.492300	9.368800
-8.770700	-55.465700	15.089400
8.212100	52.861900	22.036200
8.276100	5.812300	3.166200
0.788900	27.163900	15.872600
0.911700	29.898100	7.125200
33.278900	-50.377100	57.722000
45.339300	5.968700	0.204600
52.743700	33.355700	8.329600

//
//Subjects=24
-29.689500	-7.877800	0.326100
13.630100	0.663500	17.182600
18.424900	7.361400	6.187200
24.092300	-6.440700	-6.735600

//
//Subjects=12
-10.707500	-79.851900	14.548000
-19.981900	-6.843700	37.523200
-6.619500	16.197300	12.906600
-62.537100	-28.458700	29.350400
9.468900	-42.920700	40.008600

//
//Subjects=29
-14.741500	-74.061300	42.053900
-42.571300	-46.562900	-17.069600
11.951100	-9.025400	0.921800
16.719700	-75.156100	42.482400
40.631300	-65.888200	-14.790400

//
//Subjects=151
-20.849300	24.661300	42.295000
-20.269700	7.006300	-8.013800
-23.215700	8.509000	5.591500
-31.360100	12.653500	-7.666400
-31.918700	24.980200	39.435400
-6.670700	32.269300	21.635200
15.388900	0.888700	24.440500
21.302500	6.267700	-1.975400
29.164900	27.458200	40.703500
29.376100	1.600600	16.636900
34.942900	7.161400	17.257900
7.011700	22.506400	34.454500

//
//Subjects=12
-10.400300	-14.526300	9.931900
-10.443100	-76.072500	-4.908200
-12.413500	-59.581900	9.232700
-13.716500	4.787600	-14.419100
-16.023500	-15.020100	15.195100
-17.642100	-59.429100	56.003000
-21.619500	-94.821100	-5.071800
-27.693900	-0.859700	63.183500
-3.889700	-73.720300	-9.979600
-4.248900	-87.338300	13.948000
-7.848700	-79.256600	8.346800
-8.246500	8.720000	-6.747200
10.296900	8.885300	-9.120400
11.581900	-89.430800	5.909900
12.240500	-94.146600	25.293000
15.896300	4.634000	-13.932700
16.153100	-70.675100	15.871800
18.232300	-26.960100	11.040000
18.058500	-62.970600	13.931400
21.854500	-62.293000	6.853000
23.945900	-63.268300	-12.121900
2.276500	-23.962500	29.071100
43.957700	-13.843800	29.834000
5.944500	-90.943300	11.977200

//
//Subjects=12
-23.286700	3.415500	9.612000
-9.256900	7.183500	-0.603900
13.022900	-6.121800	-9.595200
4.788500	43.966500	-2.286600

//
//Subjects=19
-12.129900	5.569500	6.401400
-14.175100	-15.961300	15.137200
-14.635100	-68.706500	35.356200
-13.905100	7.964900	1.193200
-19.755500	-8.828100	19.322000
-19.229900	33.434700	-9.095800
-23.362300	1.029700	14.789800
-26.912300	14.962300	7.041200
-30.381100	-56.410900	-32.210000
-40.469900	-47.902700	35.088400
7.996500	-21.840300	16.757000
8.233700	7.327100	6.912400
7.880500	22.997700	39.020000
10.155300	7.840100	1.588400
11.280900	-66.977700	35.958400
13.851700	-3.184100	-1.195200
19.092100	-16.482500	19.254000
19.698100	30.029300	-14.165000
21.170500	8.948900	9.086600
26.974900	-55.019500	-29.306200
2.783700	-24.788100	-10.636000
44.648500	-37.513500	41.116000
45.080900	31.477900	27.840800

//
//Subjects=19
-32.591900	-88.302900	-13.648400
-43.577100	-50.807100	-12.083600
-6.639100	-0.397300	9.532400
10.112500	0.213100	2.666800
35.864500	-79.690500	-8.071000
45.303700	-52.782700	-14.370600

//
//Subjects=26
23.150900	5.326500	-2.033300

