//Reference=Talairach

//jhgjhg
//Subjects=6
-14.856700	56.212200	17.459100
-17.939500	4.613700	26.031300
-4.128700	17.731800	35.615400
-4.121500	20.526600	35.880300
-31.755100	43.551600	32.189100
-37.123300	47.681700	18.976800
-45.516100	36.284400	20.457600
-45.324700	43.180500	7.601400
-50.916700	-53.040900	-17.824500
-50.959300	-56.097000	-15.412200
-56.834500	7.348800	28.335000
-59.484100	-10.893900	13.049100
-0.883900	51.334500	9.125700
12.390500	-62.881200	22.852500
12.584300	-1.134300	26.003100
17.794100	-66.750000	33.387600
21.304100	42.834900	8.695800
1.363100	-73.218900	13.578900
29.665100	-25.510500	-13.853100
43.523900	-47.679600	-18.421500
51.767900	-40.122300	-9.458400

//mnbmnb
//Subjects=13
-35.061900	-59.050100	43.132300
34.718900	10.077400	35.547400
35.490500	-0.201500	44.496000
36.860100	14.953000	14.425100
45.682100	8.974600	46.438600

//jkhkjh
//Subjects=19
-31.466100	16.440500	1.699100
33.314100	12.465200	1.517500

//kjhkjh
//Subjects=19
-32.368900	47.684200	9.148100
7.161300	-63.208400	-2.490800

//lkjlkj
//Subjects=16
-17.508700	-70.800500	-29.752100
8.126700	-11.740400	9.608400
16.963700	1.583500	46.153400
37.060500	11.862800	-2.079600
36.596100	20.315400	36.549100
45.556700	-53.181300	37.845300
4.101300	28.841300	46.716500

//iououoi
//Subjects=27
-31.647700	-89.996700	-15.594600
15.914300	38.580600	-5.311200
26.940500	21.492900	-4.041000
29.400500	-87.780000	-11.649300
29.788700	49.426500	-1.346400

//kjhkjh
//Subjects=27
-17.457700	16.395000	-7.977600
-28.744900	53.489400	16.966200
-31.614700	17.171400	13.476900
-40.303900	25.519500	43.848900
-1.338100	23.307000	36.190800
29.489900	14.321100	11.538000
29.236100	37.122600	38.016900
32.309900	44.788200	17.174700

//kjhkjh
//Subjects=12
-25.897700	-62.502600	49.266200
-25.953500	23.429000	6.958700
-34.365700	-53.911200	-9.519300
-37.445900	7.831200	32.312100
-4.770700	-29.521300	-0.402000
-43.755500	23.728500	23.802100
0.477700	32.177900	41.566200
27.691300	21.113200	9.448500
30.424300	-49.589200	-8.013800
30.632300	-53.975500	46.526100
36.737900	25.931500	27.174200
39.386100	12.177900	33.122800
3.567500	-25.838100	0.088000
4.053700	19.351100	47.618300

//kjhkjh
//Subjects=12
-37.785500	-43.111400	43.695400
-43.984900	11.068600	37.913300
0.477700	32.177900	41.566200
38.927900	-53.348400	49.428400
39.391300	23.182900	35.967200

//kjkjhkjh
//Subjects=12
-2.385900	29.719400	47.590800
-28.673900	-62.488200	49.220600
-41.158900	16.905100	35.811500
-40.979300	23.714100	23.847700
-47.124500	-44.604700	49.701900
30.632300	-53.975500	46.526100
39.386100	12.177900	33.122800

//kjhjkhkjh
//Subjects=16
-11.327900	-10.882200	11.162300
-14.272100	-22.160600	20.854200
-34.983500	-46.590900	40.710600
-36.990500	9.364900	-2.668100
-4.864900	-25.647200	8.071100
-0.675100	11.312600	53.082700
9.113500	-10.378100	5.249900
11.774100	-10.331900	14.307800
14.538300	38.914900	29.830400
2.538300	-25.685600	8.192700
41.628300	6.832400	1.124500
47.740900	17.811400	32.897000
50.273500	-49.800800	31.939400
53.340100	8.989200	26.750800
6.050700	17.679000	35.782600

//kjhkjhkjh
//Subjects=16
-2.406900	-72.790700	18.960800
-12.314900	-16.815400	14.186900
-36.976100	14.954500	-2.138300
-4.864900	-25.647200	8.071100
14.543100	-13.141100	14.088500
38.486500	8.717600	30.077200
3.959100	14.083400	53.423600
4.197500	16.757000	35.663900
6.239900	-25.704800	8.253500

//kjhjhjh
//Subjects=8
-17.765100	54.336900	27.141600
-25.744300	-61.370300	37.665000
-26.842300	-2.798700	-3.648800
-29.377500	-7.840900	48.080000
-32.526300	9.053100	9.989800
-34.025900	-52.316900	-35.487200
-38.243100	26.146100	27.727800
-44.147500	-38.567500	35.910600
-7.191100	1.011500	52.897400
-1.650700	-57.594500	36.628600
9.878100	-72.800100	-0.651000
0.458900	33.866900	43.527600
21.403700	-53.301700	-27.436000
25.978900	-64.199100	45.478800
28.497700	-2.617100	11.718200

//kjkjhjkh
//Subjects=8
-33.244300	-9.041100	60.512800
-49.836300	-28.578900	49.372600
-6.797100	-52.741100	6.372400
26.450100	-78.998700	4.447200
28.470500	-85.067500	-10.507200
34.312100	54.121100	8.183400

//kjhkjhkjh
//Subjects=8
-12.606700	0.222300	41.920800
-14.959300	-24.053100	1.745400
-20.549500	-79.136400	-11.675400
-25.870900	24.038700	0.711900
-31.587100	0.925200	6.533100
-51.147700	5.570400	17.452500
-6.873700	-77.981400	4.880700
12.791300	38.776800	21.680100
43.384700	6.126000	8.294100
46.017500	-36.071700	7.043400
7.448900	-14.477400	-10.481100

//kjhkhkj
//Subjects=8
-38.763500	-45.798200	-25.040400
-51.782300	19.602200	-1.047600
-60.613100	-27.014100	24.114700
43.919900	-15.036700	32.422900
44.279500	7.723100	11.163100
57.440100	1.858000	-6.286100
59.709900	-32.966400	22.883700
5.305700	-11.142800	13.220700
5.177100	15.324500	31.040500

//jkhkjhjkh
//Subjects=8
-2.365300	15.249300	41.716000
-10.651300	18.348600	39.166900
-23.124100	-54.786800	-20.222300
1.857100	-52.208700	-18.654600
40.618500	19.008600	11.269500

//jkhkkjh
//Subjects=15
-37.833100	14.550300	-7.596200
-56.732700	15.411300	22.794600
-1.116300	-29.888900	3.228400
0.605700	45.917100	35.663200
38.092100	12.641900	-10.096000
47.040100	28.612900	18.594000

//kkjhjkh
//Subjects=12
-9.933500	31.871900	-12.690000
-10.311100	29.084700	15.866800
-18.473500	-67.869300	46.180800
-17.436700	11.066700	-11.184600
-2.952700	-24.289700	3.727800
-20.350700	-24.188100	61.097600
-21.879500	1.959300	43.730200
-25.831900	-14.494900	58.319800
-26.851100	11.758500	1.333600
-29.464700	-59.662100	39.565600
-32.595900	35.955900	23.347600
-4.749500	23.640500	13.643400
-46.027100	-49.737100	34.820600
-49.776300	-59.208100	35.661600
30.672100	-47.760100	-26.754200
31.691300	-74.013500	30.232000
34.466900	33.330500	-9.999000
39.128500	-51.867700	34.257600
43.470900	35.092700	10.139000
45.322100	-63.613500	-18.999800
4.656500	-61.190700	-23.061600

//iuyiuyiu
//Subjects=36
22.692100	33.925900	42.107600
29.882100	14.036100	52.956800

//iuyiuyu
//Subjects=36
22.440900	8.310700	54.090200
31.940900	22.872900	39.415200

//jjhghg
//Subjects=15
-15.725500	-65.350200	49.168500
-17.454300	-67.657300	-33.056800
-29.765300	39.084700	20.088500
-44.407500	17.526400	0.682200
-5.941900	14.363400	31.662200
-52.145900	-40.656400	9.452700
-57.929500	-40.506400	27.386100
-8.373700	-53.887500	56.684800
-8.636900	-70.928000	0.114000
-9.498700	-19.276200	10.398000
-1.573700	-23.212400	40.788100
0.420900	-25.816100	28.864100
23.721300	33.773400	34.002900
1.329900	-77.119500	15.010500
1.516100	26.610000	31.146900
1.432500	3.145800	30.724200
35.203100	22.790300	1.626800
2.254300	7.859600	40.193200
38.481500	2.283500	28.566700
51.779700	13.884000	5.567700

//mnbmnb
//Subjects=15
-2.130900	34.343300	29.115300
-28.666100	21.171200	1.293800
-40.696500	16.662700	-0.237700
-6.188100	-4.817700	45.155300
-9.496300	-18.344600	10.486300
23.047100	5.474200	6.086600
1.144700	3.763100	53.299100
2.128900	-0.377100	47.518400
38.014700	23.037200	-1.004800
4.178500	13.875100	36.291400
5.326700	-16.471100	10.013700
4.673700	-58.760400	48.336200

//fdsfds
//Subjects=15
20.662100	-71.570100	24.871800
25.893700	50.759800	14.028500

//lkjlkj
//Subjects=11
21.643900	44.429200	-17.272100
29.903100	21.940500	-18.362100
29.748500	47.302000	1.154200

//kjkjh
//Subjects=14
-8.516700	-19.777100	5.862900
0.984700	-27.137800	-15.393300
44.224500	-9.132800	10.466100
4.351300	-26.888100	10.812000
4.258900	18.124100	31.290200
5.256300	46.067300	33.954400

//oiuoiu
//Subjects=14
-3.649700	-34.479500	-17.068100
5.189700	33.695200	35.483700

//gfgfd
//Subjects=12
-13.385100	-37.071000	19.456600
-30.618300	22.260100	9.471600
36.010700	26.485400	11.899900
40.347100	-36.913900	15.876200
41.961500	6.111900	47.005300

//dsadas
//Subjects=8
28.108700	3.650400	43.835200
35.843700	38.047100	28.306900

//xzczcz
//Subjects=17
-10.575500	25.305300	35.323000
-23.295500	-89.865700	-17.242600
-23.810700	-2.280100	48.701000
-31.282300	-55.751900	38.103600
-32.837100	-84.629500	6.514200
-36.582300	-2.682500	34.033200
-45.759900	18.034900	34.039000
-7.011100	16.962300	43.601400
-8.999100	8.648100	51.788600
-8.781500	21.220900	38.569800
-1.463500	15.070300	43.516000
21.057700	-88.755500	-10.982000
22.400100	-61.445700	36.670600
24.352500	-4.044500	45.745200
30.426500	-53.228500	-9.259400
31.955300	-79.375900	8.108000
2.233300	13.187900	43.400200
2.266500	17.088500	41.968600
39.110100	-41.036900	38.886800

//zxczccx
//Subjects=21
-38.933100	14.180200	5.862900
-46.458300	-78.070400	-12.012700
36.071700	18.710700	4.858400
42.610500	-56.249500	50.116700
3.128100	14.785000	46.269200
48.524900	21.332300	44.954900

//xzxccxz
//Subjects=21
-38.933100	14.180200	5.862900
-46.458300	-78.070400	-12.012700
36.071700	18.710700	4.858400
42.610500	-56.249500	50.116700
3.128100	14.785000	46.269200
48.524900	21.332300	44.954900

//ccvcxv
//Subjects=21
-34.669700	7.816800	32.357700
0.620700	11.300200	24.276200

//cvxvcxv
//Subjects=21
-29.391300	-53.637000	35.633400
-38.074700	-61.257700	-11.178900
-51.283700	-29.247200	17.755000
8.682900	15.687800	46.448700

//sdsdad
//Subjects=21
-3.118500	14.697400	28.138200
-33.746700	6.880400	32.284600
43.263300	-72.450300	-5.458200

//dssadsads
//Subjects=21
-27.896700	14.531600	11.488000
-30.401700	-55.173500	41.776700
-34.688100	18.647600	36.986900
-5.727700	3.150100	11.685600
9.207500	-18.823100	-4.557100
8.469900	0.407300	58.510200
28.790700	-5.462100	60.099600
33.191700	18.872800	12.932700
37.192900	-48.828500	41.719600
43.030900	8.083900	36.400000

//ccxvcvc
//Subjects=12
12.223700	7.170600	56.511900

//sdsasds
//Subjects=6
-19.988100	26.448700	-24.184100
-27.557100	-1.677700	52.298100
-28.323300	-83.661300	15.690800
11.788100	-13.884100	12.169800
19.820700	28.192600	-24.246300
20.327900	14.134300	4.158500
27.757300	19.772600	3.917500
28.042500	0.420100	48.032300
31.839500	-83.886200	15.786400
6.019700	-97.699300	4.131600

//dasdas
//Subjects=16
-4.975900	25.624900	31.844600
-1.503100	-27.260700	34.099800
4.006100	-44.058300	32.601600

//sdfsdff
//Subjects=16
-8.743500	26.984700	37.314800

//dsfdsf
//Subjects=8
-11.823700	-73.030500	31.390700
-28.511300	-53.538600	-32.807100
-31.251700	-3.434600	51.168300
-7.149300	-14.216000	45.149500
7.609700	-73.131300	31.709900
24.265100	-6.517400	51.815400

//dsfdsf
//Subjects=8
-19.045300	-74.393300	16.725800
-22.146700	-65.812700	44.511800
-4.358700	-8.640800	45.724900
-33.964100	-1.121500	46.837300
-35.478900	-32.445500	11.413400
12.420900	-69.054000	18.664800
19.614500	-6.667600	53.524200
20.378500	38.268800	7.346700
20.220500	39.844200	20.105200
22.331500	-65.607600	40.779400
46.878500	-52.087900	7.342300

//dsfsdff
//Subjects=18
-2.071300	-5.427700	12.736500
-20.390500	-71.090000	50.347500
-20.182100	0.817400	55.361800
-34.703100	-0.654700	32.455400
22.649100	-86.110400	10.015100
1.416900	24.050000	38.109500
25.957700	-63.441700	47.351900
37.397900	-0.707200	39.976100

//dsfdsff
//Subjects=18
-2.473900	13.533800	49.659300
-22.939700	-5.428100	52.020900
-25.967700	22.410300	7.762800
-37.384100	18.340100	30.606200
-40.382900	-0.652400	42.268900
-43.159300	-59.128100	24.970900
-55.210300	-49.166500	29.314200
-8.412500	43.136200	16.329300
26.061300	-1.008400	-14.295300
25.202500	-1.864200	52.272100
37.782100	-62.757100	-8.236000

//dsdfdfdd
//Subjects=9
-11.958700	-71.760900	-29.749200
-14.282700	5.177700	29.750000
-15.701500	-42.801500	-18.060400
-3.892300	-38.536300	72.628600
-28.649900	13.979700	-2.089800
-34.229100	-59.300100	-21.738600
-41.391500	-55.656500	-39.531600
-41.892700	-79.461500	-7.563000
-45.187100	-47.192300	-29.785400
-49.489100	-73.538100	9.085000
-8.190300	-54.837100	-29.883800
-1.289100	-96.964100	-3.129200
-0.894700	-33.736500	-15.149400
7.864100	-28.300900	25.151200
11.933700	-29.259300	-3.698000
13.967300	50.674500	5.711000
1.058900	-56.748300	-29.908400
0.788500	18.022100	13.204800
24.956900	5.900100	1.655000
27.178500	-38.894500	-40.387000
30.648100	-57.076100	-27.637200
30.159700	-4.020300	26.027000
32.290900	41.906300	17.802200
34.253700	13.479100	0.728600
36.109300	15.332700	0.935600
39.731700	-69.348500	-17.836000
39.975700	7.391100	-14.165000
41.631700	-23.300700	-8.036200
41.650500	-24.989700	-9.997600
41.932500	-50.324700	-39.418600

//dfdsfd
//Subjects=9
-11.958700	-71.760900	-29.749200
-23.384700	-79.557500	-7.259000
-41.391500	-55.656500	-39.531600
-45.187100	-47.192300	-29.785400
-8.190300	-54.837100	-29.883800
-1.289100	-96.964100	-3.129200
13.967300	50.674500	5.711000
1.058900	-56.748300	-29.908400
22.778900	-31.233100	16.117200
24.957300	15.041900	4.322800
24.956900	5.900100	1.655000
2.167300	-93.309900	17.094200
41.631700	-23.300700	-8.036200
41.650500	-24.989700	-9.997600
43.636500	-62.384500	-31.523800
57.712900	-31.294300	34.719400
6.221700	-10.303100	14.216600

//dfsdfsdf
//Subjects=9
-24.768700	20.769500	-13.992800
-28.649900	13.979700	-2.089800
-34.229100	-59.300100	-21.738600
-41.892700	-79.461500	-7.563000
-41.671900	6.245700	0.560600
-56.357900	-45.794100	-24.436800
-8.873900	-41.605300	27.211000
-0.894700	-33.736500	-15.149400
-0.612300	-49.929700	-41.902600
7.864100	-28.300900	25.151200
11.933700	-29.259300	-3.698000
30.648100	-57.076100	-27.637200
30.159700	-4.020300	26.027000
34.253700	13.479100	0.728600
36.109300	15.332700	0.935600

//ddfdfdf
//Subjects=9
-11.958700	-71.760900	-29.749200
-14.282700	5.177700	29.750000
-15.701500	-42.801500	-18.060400
-3.892300	-38.536300	72.628600
-28.649900	13.979700	-2.089800
-34.229100	-59.300100	-21.738600
-41.391500	-55.656500	-39.531600
-41.892700	-79.461500	-7.563000
-45.187100	-47.192300	-29.785400
-49.489100	-73.538100	9.085000
-8.190300	-54.837100	-29.883800
-1.289100	-96.964100	-3.129200
-0.894700	-33.736500	-15.149400
7.864100	-28.300900	25.151200
11.933700	-29.259300	-3.698000
13.967300	50.674500	5.711000
1.058900	-56.748300	-29.908400
0.788500	18.022100	13.204800
24.956900	5.900100	1.655000
27.178500	-38.894500	-40.387000
30.648100	-57.076100	-27.637200
30.159700	-4.020300	26.027000
32.290900	41.906300	17.802200
34.253700	13.479100	0.728600
36.109300	15.332700	0.935600
39.731700	-69.348500	-17.836000
39.975700	7.391100	-14.165000
41.631700	-23.300700	-8.036200
41.650500	-24.989700	-9.997600
41.932500	-50.324700	-39.418600

//ddfssfsdf
//Subjects=9
-11.958700	-71.760900	-29.749200
-23.384700	-79.557500	-7.259000
-41.391500	-55.656500	-39.531600
-45.187100	-47.192300	-29.785400
-8.190300	-54.837100	-29.883800
-1.289100	-96.964100	-3.129200
13.967300	50.674500	5.711000
1.058900	-56.748300	-29.908400
22.778900	-31.233100	16.117200
24.957300	15.041900	4.322800
24.956900	5.900100	1.655000
2.167300	-93.309900	17.094200
41.631700	-23.300700	-8.036200
41.650500	-24.989700	-9.997600
43.636500	-62.384500	-31.523800
57.712900	-31.294300	34.719400
6.221700	-10.303100	14.216600

//dsfdsfsdf
//Subjects=9
-24.768700	20.769500	-13.992800
-28.649900	13.979700	-2.089800
-34.229100	-59.300100	-21.738600
-41.892700	-79.461500	-7.563000
-41.671900	6.245700	0.560600
-56.357900	-45.794100	-24.436800
-8.873900	-41.605300	27.211000
-0.894700	-33.736500	-15.149400
-0.612300	-49.929700	-41.902600
7.864100	-28.300900	25.151200
11.933700	-29.259300	-3.698000
30.648100	-57.076100	-27.637200
30.159700	-4.020300	26.027000
34.253700	13.479100	0.728600
36.109300	15.332700	0.935600

//dsfsdfsf
//Subjects=14
-2.391100	-35.204800	28.827900
-34.131500	14.531100	-7.535400
-0.764300	-32.298400	47.147800
14.041500	-46.087900	43.389300
2.719300	-40.799500	-10.352300

//dfdfsdfs
//Subjects=14
-6.253700	5.664700	53.354100

//dsfsdffd
//Subjects=38
-11.827500	15.112700	-14.309800
-31.407100	3.643300	65.349000
-36.719900	-20.148100	39.583000
-40.098700	24.292500	27.520800
-45.757100	-25.810900	20.876600
-47.208300	48.431300	11.670400
-52.715900	-6.042300	-7.997200
-9.289500	-50.156300	57.022800
-1.336700	1.384100	29.609600
9.691700	-19.342900	29.634200
0.324100	-27.444500	35.915000
24.208500	-59.940500	40.447200
25.846500	-70.659700	53.873000
48.156100	-49.931300	52.610800
54.604900	-52.482300	-17.788200

//ddfsdfsdf
//Subjects=16
-3.854500	-24.110700	1.927800
-36.976300	10.383600	-3.472200
-0.766900	-24.568200	-22.386300
-1.111300	30.464400	20.657400
35.141300	12.281400	3.332700

//dfdfds
//Subjects=18
-15.846300	-9.142700	3.143000
-27.463900	-82.325500	21.237000
-41.693500	-56.057900	-16.152600
-41.714300	7.760500	4.306800
-45.850300	0.917700	36.019200
18.920100	-65.274100	18.232000
21.036900	-24.937100	9.477400
22.487700	-0.482700	47.852800
26.902900	24.870900	-0.118200
29.944500	-69.580700	23.415600
2.496100	-19.599900	13.272800
2.314100	26.578700	41.066800
38.939700	-53.261300	48.536000
41.634900	-58.004700	-18.530800

//dfdsfsdf
//Subjects=18
-10.335500	10.626900	12.316000
-23.231500	-29.076900	-4.275600
-23.100300	-50.041700	-20.673200
-5.098700	22.890700	40.592000
-53.234700	-0.732900	33.936200
19.353300	22.000900	10.292400
28.082500	-2.026300	44.197800
29.963300	-71.269700	21.454200
43.329300	34.047500	20.847800

//dfsdfsdf
//Subjects=18
-32.466700	23.201300	9.529500

//sdfsdf
//Subjects=30
-14.830900	52.747100	14.428700
-5.563300	-67.833300	-22.062100
-0.206700	-67.479600	-6.623500
0.298300	-77.898600	23.026900
33.041700	41.526600	31.291700

//dsdfsdf
//Subjects=30
-23.861100	-62.530200	-37.183700

//dfsdfds
//Subjects=30
-38.592100	43.199900	-12.101600
35.895100	26.546000	20.912200
38.902100	-49.883300	52.458800

//dfsdf
//Subjects=30
-18.288300	-94.832700	23.810700
-27.177100	-51.878100	7.911100
-47.924100	39.930500	-7.164100
-8.721700	39.940000	39.443400
20.876900	-69.070700	8.896900
39.384300	24.959000	37.036200

//sfsdfsdf
//Subjects=10
-32.165900	50.096500	-5.934400
13.622100	33.504300	27.500600
15.963700	35.289700	-10.126400
26.842300	41.787400	9.591100
34.297300	39.389700	4.985800
44.534900	-45.663100	47.548800

//dfdsfsd
//Subjects=30
-4.164100	17.470500	38.292600
-40.689700	-56.836200	49.552800
-39.727300	-60.699000	-26.468400
-45.255100	16.277700	-5.756400
-7.284100	-75.527400	37.536900
21.380300	5.014200	-8.398800
1.364900	-32.080800	25.584000
37.043900	-57.239400	50.829600
43.661300	19.134300	-9.386700
45.707900	5.509500	43.408200
46.445300	35.627400	-5.074500
3.845900	15.075600	62.524200
57.256700	-37.878900	-3.747900
7.159100	-5.649900	14.673300

//ddfsdfsd
//Subjects=30
-18.635500	-49.873500	64.098300
-20.279500	-55.210200	-25.619400
-4.235500	3.235200	39.645300
-34.644700	39.987300	39.910200
-37.138900	14.666700	10.443600
-48.754300	-8.236200	43.210500
-53.761300	1.301700	3.491100
-6.524500	-23.312400	-6.149400
-59.626300	-25.651800	19.756200
-9.096100	-38.237700	-26.524800
12.292700	-33.444900	39.152400
11.895500	-52.826700	64.335000
23.768300	29.550900	29.099400
29.504300	19.910700	12.067800
40.084100	-8.697000	44.669700
40.565900	3.084300	10.660800
51.343700	-29.545200	26.669700
54.510500	0.740100	5.269500
7.222100	-21.634800	5.052300
6.401300	-16.726800	70.364700

//dfsdfsdf
//Subjects=24
-1.989100	-13.959800	3.821900
-29.634100	18.119900	3.690900
-36.612100	17.203000	42.222600
-7.013300	20.601600	44.847000
24.712300	-84.552200	-6.017700

//dfsdfsfd
//Subjects=7
-2.742700	-77.572700	-28.342200
-20.307100	1.722500	65.354800
-32.510300	51.209900	21.190800
-41.816700	39.904500	21.764000
-50.878300	15.783900	-0.493200
-51.445100	2.461300	39.674200
0.359300	22.165100	47.822400
17.706900	56.419100	4.516800
24.962900	-72.649700	-22.002000
25.147700	53.002700	0.715600
30.618500	21.299500	-2.195400
33.325300	-68.312300	48.816800
44.848500	4.173700	37.862000
4.398900	-17.397900	9.910200

//sdfsdfsd
//Subjects=19
-15.712700	24.743300	2.752200
-21.776300	-11.901100	31.608600
-22.106700	-14.339900	56.595800
-23.255100	-29.251100	-2.490800
-27.334300	-32.019100	26.005200
-29.107500	-91.753100	2.299000
-38.612700	-9.481900	45.966600
-54.702700	13.068900	8.193400
-57.007500	-10.378100	36.562000
10.439700	-70.482500	-43.662800
14.072500	-25.315300	-24.908600
1.126100	-30.663500	-27.436000
19.294500	-27.782900	0.169800
22.932100	-88.590900	-12.736400
25.948500	-4.107100	65.585000
28.951700	20.839500	-16.680800
33.695700	-14.400700	35.913600
2.714900	20.398300	8.057400
39.422900	-9.483700	23.864400
43.697700	42.250100	-5.394400
54.249300	16.175900	30.149600

//dsfsdf
//Subjects=19
-16.577900	-14.542900	58.471800
8.260900	-18.060900	-2.699200
12.992900	-4.039900	65.372200
37.565700	-47.904500	12.986200
39.905700	25.152100	-3.475000

//dsdfsdfsd
//Subjects=14
-31.391100	-62.038300	44.713000
-4.914300	-76.275500	-3.032200
-1.652700	4.534900	55.126600
21.450500	45.743300	-1.836400
2.280900	22.678100	42.498400
35.332100	-61.687100	38.668200
36.137700	17.370100	-0.672600
39.613700	37.618900	22.925000

//sdfsdfsdf
//Subjects=103
-21.327500	54.469700	16.283700

//dfsdfs
//Subjects=20
-12.733300	18.479400	57.161100
-4.246900	-95.548500	11.368500
-32.103100	16.308000	51.222600
-39.644500	52.320000	0.455700
-42.371500	44.472600	-5.739000
-48.883900	-58.542600	38.442300
-6.996100	36.264600	48.132900
-56.418700	-33.448500	-16.061400
-56.522500	20.618400	7.977000
12.636500	-102.190200	-7.893000
18.768500	41.883600	-10.355100
24.201500	62.906700	5.241300
29.008700	16.252500	49.548600
40.865300	51.902400	1.778100
46.373900	21.392100	-3.721800
48.283700	-45.333900	44.040000
4.244300	-99.874800	-2.410500
54.629300	-34.024500	-14.237400
6.984500	47.894400	44.066100

//dsfdsfsdf
//Subjects=20
-12.069100	-6.776100	-1.974000
-20.639500	-33.192600	8.891100
-4.369300	18.697500	54.620700
-40.425100	5.433300	47.349000
-42.679300	-34.565700	-5.124600
-42.498700	49.017000	5.499600
-48.699700	-54.441300	25.321200
-50.895700	-58.369200	-21.031500
-53.647300	18.593100	-0.273900
-59.116900	-30.116700	-21.196500
18.129500	-3.957900	25.829400
20.982500	-28.080300	12.782100
26.970500	60.097500	5.022000
34.830500	26.437200	31.694100
48.276500	-48.128700	43.775100
4.010900	-96.114300	16.859700
3.803300	12.019500	64.936500
57.427100	-25.654500	-13.397100

//dfsdfsd
//Subjects=14
-28.467500	-36.289800	40.895900
-54.186100	-1.833900	35.617500
16.101500	-50.512200	-46.179300
18.637100	-49.560900	-27.128400
24.031100	50.682300	14.890500
1.175300	2.161200	50.445300
34.487900	-39.149700	38.987400

//dfdsfsdf
//Subjects=19
-2.884300	-24.698700	-1.714900
-2.973100	-5.248700	10.936500
-2.820300	-71.748300	-20.584900
-29.426700	-53.898300	38.310600
-32.375100	13.824700	-0.365800
-33.407700	44.110300	16.899600
-37.471300	20.438100	38.010300
-39.564900	-28.866500	42.312300
-40.413700	-3.621400	43.788800
-6.715300	-70.415000	-5.210000
-7.697900	24.211600	27.160400
29.905300	-48.850700	32.585700
32.925300	23.303600	34.968400
34.223100	15.081000	3.582400
38.683500	35.760500	22.733200
4.252500	-74.225500	4.523900
4.190500	18.533100	36.732900

//dfdsfdfs
//Subjects=20
-31.691500	41.279400	26.569800
21.374900	43.357500	3.341400
24.065300	23.518200	4.209900
32.047700	37.369500	35.385300

//dsfsdfs
//Subjects=16
34.766900	28.709400	37.313400
43.328300	11.193000	14.178300
4.051100	13.848600	46.196100

//fdsdfsdf
//Subjects=16
-4.093300	17.993100	32.938200
-36.926500	16.234500	-5.619600
46.189700	17.290800	9.399300

//dfsfsdf
//Subjects=16
-28.626100	18.724800	-2.540700
-9.688300	14.965800	35.259300
-1.579300	10.560000	51.194400
29.709500	18.683700	-4.260300

//dsfsfsf
//Subjects=16
24.019100	46.024300	14.449000

//dfsdfsfd
//Subjects=19
-4.263300	14.910500	45.255200
4.065300	14.867300	45.392000

//ddfsdfs
//Subjects=39
36.147300	21.096500	-0.319400

//dsfdsfds
//Subjects=39
26.879300	24.696700	1.666600

//ddsfdsf
//Subjects=16
-30.996300	10.331100	35.360600

//dssdffdf
//Subjects=16
48.862500	26.565900	20.232600

//dfsdfsdf
//Subjects=12
-29.559500	-69.500700	44.037000
-30.731500	23.252300	18.572200
-51.260700	11.133500	27.887000
48.763300	24.005900	27.195200

//dfsdfdfsfd
//Subjects=12
26.912500	28.597300	0.235000

//dfdsfsd
//Subjects=15
-12.692300	-15.031700	44.077600
-33.263900	-25.635700	57.138600
11.230500	-32.622100	50.022600
15.628500	30.987700	14.684200
37.107700	-54.940700	46.544200

//dssdfdsf
//Subjects=15
38.097300	23.646900	-7.251600
41.166500	20.787500	41.175400
48.245300	-60.239500	42.627200

//dfsfsdff
//Subjects=15
-3.125100	25.615300	31.875000
-6.422700	-15.249900	-11.689800

//dfssdfsf
//Subjects=9
46.978900	31.816700	24.301600

//dfsdfsdf
//Subjects=9
44.166900	22.428000	24.265400

//dsfsdfsdf
//Subjects=16
-25.849300	32.423100	1.506600

//sdfsdfsdf
//Subjects=22
-25.878100	21.243900	0.447000
-40.077100	32.676900	28.315500
-7.125100	-0.329100	47.366400
29.468900	19.649400	14.745000
32.645900	-40.464600	-34.137300
4.588100	-6.862500	-1.700400

//dfdsfsdf
//Subjects=16
-26.540500	-74.120100	23.831700
-25.969900	26.049600	9.008400
-28.477900	8.852100	-16.986300
-32.175100	-11.640000	48.573600
-43.095700	-7.481100	35.270100
-43.210300	-38.485200	35.033400
-0.732700	-51.732300	-33.066900
10.020500	0.447900	9.894300
9.277100	-5.039400	66.115500
21.281900	20.737800	3.899400
1.414700	-26.229900	23.436600
34.468100	-6.396000	50.197800
40.705100	-50.721300	-16.054800
48.873500	8.369400	14.004600
3.958700	4.941600	50.755800
4.220300	-1.352400	28.543500
56.994500	-45.297600	14.462700
7.357100	-9.671700	-1.919700

//dsfsdfdsf
//Subjects=23
-25.948900	20.721300	5.801400
-32.184100	-55.572900	36.303600
-45.835900	6.507300	36.549000
32.280500	19.896300	12.113400

//dfdsfdff
//Subjects=23
-12.580300	-43.449300	26.973600
-37.763500	-25.585200	47.157900
-36.809500	-59.668200	-37.131600
-37.942300	-68.029800	48.538800
17.611100	-43.425900	54.512100
18.658700	-41.176500	-26.333700
26.246300	8.143800	46.031100
28.638500	-33.088200	63.785700
40.838900	-66.183600	-31.030200
42.638900	-54.212100	48.508500
3.803300	12.019500	64.936500
60.238700	-25.407600	-16.028700

//dsfsdfewr
//Subjects=18
-12.173500	-20.341100	2.144200
-19.500300	0.366700	2.180400
-26.874300	20.726100	5.786200
-29.530700	-58.321500	45.096600
-30.717900	10.558300	13.766400
-30.735100	48.814500	26.399000
-33.251100	-56.613300	46.997200
-32.511900	14.642700	10.519600
-32.657100	39.159700	29.055200
-34.053900	-45.212500	-31.211200
-36.261500	-3.970100	8.692800
-36.763100	-36.916900	37.993600
-41.771500	-5.456100	4.855400
-41.674700	-57.746900	-18.114000
-41.769500	-67.585500	-13.642600
-43.569900	5.906900	4.099800
-45.643900	-26.803100	11.776000
-51.215100	-25.085300	13.646200
-53.131900	-23.735100	19.146800
-8.419900	-18.148700	-1.188000
-9.056700	-13.710300	49.669400
-1.842300	-15.142300	64.069400
8.161700	-20.620900	4.263400
15.660100	-1.678900	2.581400
0.244500	-13.409900	46.251800
0.136500	-1.412700	58.196800
21.178100	-33.033700	-3.899200
22.918100	-85.038700	-10.598400
24.683700	-91.160500	-5.743400
24.878500	47.360100	19.995200
26.530100	23.946900	28.615200
28.447700	40.880300	28.450200
30.573300	-41.178300	-17.123800
30.203300	21.890300	30.284200
32.002900	37.952700	39.043200
34.074900	-82.884700	-13.809000
34.357700	17.902300	-6.057400
2.365300	10.506700	32.338200
2.058500	8.242100	55.540600
37.936500	15.148900	2.750800
37.983700	15.497300	-0.818800
41.623700	9.540100	2.281800
43.152100	-25.749100	16.981400
4.167300	-26.418500	25.267000
4.272900	14.571900	29.152200
54.171300	-41.060700	19.320600
59.756500	-46.330700	15.312400
6.376900	-21.951900	-1.298000

//ddsfsdf
//Subjects=13
6.053300	23.181500	37.204800

//sdfdfsdf
//Subjects=13
43.310100	26.594700	20.141400

//dsfsdff
//Subjects=8
-33.914700	8.820300	-26.089800
-4.980300	32.903500	34.335800
-43.216300	-0.621900	-25.340000
-45.202300	36.772900	-3.813800
-51.062300	16.253500	13.961800
9.575300	16.353300	49.229400
28.026100	3.040700	50.082000
34.546100	10.154100	-23.003600
38.092900	30.925500	-4.760400
41.849700	-1.586100	-18.587200
42.759700	-43.267700	42.340600
49.219300	-14.666900	-19.701800
50.876100	-27.075100	-8.237400

//dsfsdfds
//Subjects=8
26.535300	34.951900	31.459600
2.474500	25.934900	28.396600

//dfsdffddf
//Subjects=8
-6.741900	22.604900	24.321800
6.166500	22.189300	28.104200

//sdfsdfdsf
//Subjects=5
-12.587500	-46.244100	26.708700
-4.354900	24.287100	55.150500
-28.684900	-31.059000	-12.663300
-34.531900	29.853300	28.141800
-36.674500	-47.705100	-44.103600
-36.912100	21.824100	-5.089800
-43.317100	-52.981800	39.063300
-43.126900	-73.511100	18.203700
-53.627500	-14.160600	-11.484300
-53.634100	-3.242700	-7.747500
12.085700	-73.356000	43.475400
13.066700	24.359700	-4.004100
21.357500	-30.795600	-17.196900
29.335100	35.111700	29.720400
32.492900	21.464100	-3.949800
37.679700	-30.613100	9.221200
4.327700	26.856900	28.515300
53.970500	-47.112300	33.157500
7.165700	-16.567800	10.936500

//sdfsdfd
//Subjects=5
-31.599700	36.473700	18.008400

//fsdfdf
//Subjects=18
-12.013300	-25.555800	-11.859900
-26.752300	-61.975200	43.896600
-4.251100	-29.779800	31.112100
-3.720700	-39.573000	-13.047600
-4.270300	16.686600	46.324200
-39.726700	-46.986300	-22.466700
-42.704500	36.531300	17.826000
-45.534700	-65.294100	-8.084100
-51.381100	9.330900	36.722700
-9.571300	-60.936900	3.747300
-9.544300	-90.895800	-7.198200
2.015300	-49.213200	-30.079200
28.828100	-67.330200	38.924400
29.578100	-72.760800	-21.033600
38.084900	-44.072100	-26.279400
48.668900	23.309100	34.334400
7.389500	-77.973900	-24.605400
7.127300	-85.392600	-6.394800

//dsfsdfdsf
//Subjects=15
-3.391900	20.904300	51.242900
-2.755300	65.814200	14.970100
-36.003500	15.298100	-5.692700
-42.419700	21.269700	-8.838900
-6.326700	8.781400	59.954100
-6.373500	17.574800	66.191500
-53.867900	-8.624000	8.854900
0.273100	60.350300	-6.215900
2.797100	65.785400	15.061300
5.655900	66.380700	8.860100

//dsfdsfdf
//Subjects=15
-3.391900	20.904300	51.242900
-26.723300	20.926800	-5.903300
-41.591300	15.065600	-3.106700

//dfsdfdsf
//Subjects=12
-27.689700	54.442700	7.165000
-7.383300	-78.087400	44.499500
8.098300	-13.777800	11.216600
8.313300	-73.859400	48.769000
27.642700	42.687700	19.599300
32.311100	18.294400	9.259600
39.931100	-54.606700	43.020200
2.896100	-57.296600	43.039700

//dfdfsdf
//Subjects=17
-16.549700	-70.995600	39.611200
-7.199100	-73.986100	31.378400
9.562300	-65.078400	26.199900
31.395100	17.454700	8.263700
36.583700	6.515600	33.439800

//dsfsdfsdf
//Subjects=19
-30.500700	13.989300	-2.120200
-42.342500	-60.848400	32.929400
31.527100	14.773500	-2.798300
47.020700	16.589200	16.553700
52.211500	-51.908400	24.565700

//fsdfsdf
//Subjects=19
-14.119100	-30.170100	6.585200
-30.608900	21.415600	8.490900
-37.515100	-10.043400	32.419200
-39.500500	-12.855100	42.028600
-9.586300	-26.320000	15.134300
32.327700	20.244700	8.543800

//dfsdffd
//Subjects=14
-27.637100	-50.704100	44.048600
-40.126700	-76.441500	-0.040200
7.999300	-65.686100	3.594600
24.888500	-47.610100	-8.820800
26.054900	-52.671500	42.968800

//fdsfsf
//Subjects=14
26.483700	41.882100	37.520400

//dsdsfsdf
//Subjects=14
7.436100	3.267500	67.772200
28.339300	43.735700	37.727400

//dsfsdf
//Subjects=8
-31.376700	-56.448700	45.242800
-39.814700	-63.171900	-20.398200
17.918500	39.703300	-16.882000
26.110900	-66.880300	34.416800
28.527300	-80.992700	-13.723600
30.538100	17.050500	2.805800
2.866500	-73.526700	-31.467400
36.219300	49.044500	2.329600
40.809300	-54.959900	46.605000

//dfssfdds
//Subjects=8
-27.637500	-59.845900	41.380800
-39.814700	-63.171900	-20.398200
19.811700	38.178900	-20.597800
26.106100	-68.743500	34.240200
26.681300	-79.119900	-13.577400
30.490900	16.702100	6.375400
2.871300	-71.663500	-31.290800
38.060500	45.308500	2.006800

//dsfsfdsf
//Subjects=8
-31.376700	-56.448700	45.242800
16.082100	45.302500	-16.382600
27.914500	-67.238300	38.016800
28.527300	-80.992700	-13.723600
28.687300	17.060100	2.775400
32.569700	51.275300	-1.124200
2.861700	-75.389900	-31.644000
42.655300	-56.832700	46.458800
44.582100	-45.314700	43.979200

//dfsdfsdf
//Subjects=8
-33.088300	-2.406300	50.333800

//ddsffdf
//Subjects=33
-4.405300	4.723500	53.296200
-29.497900	-9.643500	56.915700
-28.879900	41.526300	23.938200
-31.536700	20.488800	8.387400
17.683700	-1.765200	61.162800
26.798900	20.447700	6.667800
4.043900	11.053800	45.931200

//dfsdfsd
//Subjects=33
-12.906700	-62.308500	46.801800
-12.414700	20.831100	33.066300
-14.727700	-68.951700	-29.529900
-23.839300	-8.888400	48.975300
-23.833900	-47.231700	37.235100
-25.818100	-63.304500	-29.182500
-26.749900	-7.124400	59.903400
-31.543900	17.694000	8.122500
-34.089700	-54.615600	-31.201800
-37.004500	12.917100	-0.530100
-46.092700	-39.254700	43.019400
9.302900	-62.423700	47.166600
1.402700	23.031300	38.913600
26.095100	-50.547000	40.468200
26.897900	18.436800	-1.628700
29.661500	53.970900	9.892200
31.997900	31.518600	37.532700
32.203700	44.004300	25.206300
40.656500	-29.146800	-5.904000
42.759500	-47.838600	41.006700
46.225100	17.552100	6.722100
4.051100	13.848600	46.196100

//dsfsdfsd
//Subjects=16
-26.032700	46.605400	19.963300
-27.722300	-2.897100	64.791700
-28.572700	-68.138400	39.678500
-43.094900	10.802500	40.605700
-6.640900	12.383800	13.445800
7.674900	15.082900	52.680300
11.845100	-72.390300	62.480700
13.708300	8.551800	13.427000
30.530300	-66.608900	50.732600

//dsfsdfsdf
//Subjects=22
-10.561500	21.753100	33.185000
-12.024700	-70.420300	-24.218200
-12.285100	-90.620100	-9.921000
-14.043900	-36.926100	-1.260400
-13.691500	36.958100	-6.866600
-16.047900	-87.397100	-4.274200
-17.581100	53.867300	12.686600
-19.253900	24.118700	-9.978800
-21.085500	31.581100	-9.302800
-23.308700	-68.029900	-9.769000
-23.095900	50.518100	8.672600
-24.844700	9.241900	-11.482800
-25.037900	15.126900	5.286800
-35.002700	-54.043700	40.004200
-36.364300	19.032100	23.482200
-5.110700	-35.686500	24.232000
-4.536700	34.350100	0.248000
-38.115500	30.743500	19.157000
-40.246300	-6.041300	30.049600
-41.731900	36.874900	14.271600
-45.470700	-58.424500	-11.035600
-45.755900	1.614500	28.880000
-47.771900	0.404700	41.343200
-49.081900	-41.288100	-13.076600
-54.691100	-45.334100	-9.951400
-6.739100	-21.240900	11.159400
-6.550700	-28.989100	-5.786800
-8.319900	2.694900	-2.815000
-1.597900	-37.099300	38.571200
-1.297500	-73.265100	4.521000
8.348100	-74.078100	-26.021800
9.821300	-76.874900	2.565400
15.428100	-19.841300	15.270400
0.386500	-3.222900	38.210800
19.501300	-46.361900	-21.405600
21.364500	21.347500	-2.347400
23.271700	16.270900	-8.201200
23.286500	31.002300	-5.003600
24.414500	11.035300	45.373200
26.855300	15.380700	0.783600
31.949300	-0.826100	31.765000
33.994900	-77.991900	-6.140000
2.802500	-26.477100	-12.597400
2.800500	35.652300	5.900600
35.389300	-48.470500	38.119600
37.235700	-41.201500	40.641200
37.682100	24.237700	25.228000
39.409300	3.210300	28.670200
41.649300	-52.415100	-18.001000
41.516100	30.679100	16.894600
43.382100	-53.295700	-9.046600
43.658900	18.202700	-9.475000
46.911700	5.731900	21.829200
48.810500	24.354300	23.625600
50.790100	-51.470900	-8.748400
4.432100	-13.497300	8.478600
4.106100	-23.214700	30.974600
4.127300	-77.891300	13.183000
4.716900	25.160300	-2.267800

//dsfsdfdsf
//Subjects=22
-12.310300	-19.523100	13.029600
-12.916300	-66.034900	46.448600
-14.043900	-36.926100	-1.260400
-14.153100	-52.354300	2.681200
-14.389500	-63.238100	17.861400
-16.047900	-87.397100	-4.274200
-17.953900	-54.895100	9.583000
-18.058700	-77.601900	11.033400
-3.129500	-74.944500	2.529200
-19.567500	-25.718100	-0.292000
-21.519100	-64.835700	-4.031000
-22.142300	-73.091300	42.020600
-22.936300	31.590700	-9.333200
-25.037900	15.126900	5.286800
-27.511100	-82.673900	24.806600
-31.329500	-56.100300	41.673200
-31.217100	-75.376100	27.237000
-4.912300	-30.566500	10.306800
-5.419100	-74.518300	36.763200
-4.857900	-81.342500	-8.916400
-40.246300	-6.041300	30.049600
-40.573900	-52.325900	41.874400
-45.475500	-60.287700	-11.212200
-8.734300	21.569300	35.000200
9.798100	-67.907300	7.018000
11.496900	-90.972100	12.068400
13.570900	-58.262100	4.392200
13.460900	-91.973900	2.998200
0.252900	-37.108900	38.601600
19.227300	-53.867700	-2.302600
21.375700	-46.197300	-23.160000
27.957700	-50.469500	39.606200
27.810900	-62.519700	47.470600
33.795300	-2.698900	31.618800
35.983300	-60.535900	-11.659400
35.586500	-70.775900	16.191000
37.235700	-41.201500	40.641200
39.320900	-76.036300	12.152400
39.688900	30.862900	15.079400
39.404500	1.347100	28.493600
43.382100	-53.295700	-9.046600
42.999300	-67.087900	16.665800
43.334100	35.910700	21.024400
50.790100	-51.470900	-8.748400
5.666900	-72.886900	38.907000

//dfsdff
//Subjects=22
-13.103900	-40.003100	68.730400
-16.463100	21.032100	60.042400
-21.136700	-60.185300	-32.411200
-26.674700	-54.566900	-31.972600
-36.103900	39.231900	9.185000
-5.311500	12.181100	53.987400
-40.512300	-46.387900	38.834600
-44.152300	-40.430700	35.734000
-7.348300	-33.048700	55.073000
-6.902300	23.248700	36.992000
16.893700	19.344500	56.843400
18.731700	-57.525900	35.178200
22.390500	-65.172100	36.317400
24.100900	-38.801500	55.060000
26.046100	-38.114300	47.951200
27.969700	8.107700	55.966200
29.690100	-60.491900	45.892800
34.469700	-10.515300	-23.161400
37.155300	-45.450500	45.642400
39.076500	-54.079300	37.650600
39.301700	24.349300	43.283000
39.538100	35.233100	28.102800
42.675700	-21.954500	55.168600
47.121300	-56.692900	-12.908600
46.874900	27.393500	31.087600
48.302900	-37.881100	44.746400
49.024500	-45.349100	-13.603400
50.937300	-30.278900	-13.945000
4.018100	14.518900	48.961600
54.201700	6.685700	31.051400
55.810500	-24.354500	40.749800
6.034100	15.728700	36.498400

//dsdfsdfsdf
//Subjects=22
-10.331900	-14.935300	4.489200
-10.356300	-33.393100	0.938400
-17.355500	33.599300	-10.850200
-3.163900	1.567900	27.794400
-21.509900	-70.251100	-6.345600
-25.774700	-1.278300	57.771200
-28.601100	50.895300	5.011800
-30.678300	-54.949100	-8.654400
-35.049900	-54.392100	43.573800
-36.051900	-66.394900	-26.045000
-37.689100	-37.392100	-34.135200
-38.637900	-46.223300	37.080200
-38.029500	-52.699100	-12.169000
-37.978300	39.067300	10.939400
-40.269900	-6.215500	31.834400
-39.659100	-65.678900	-33.245000
-40.018300	28.541500	22.519600
-42.438700	-48.764100	43.982000
-41.457900	44.380700	-4.831400
-44.122300	-1.826100	44.797000
-45.494300	-58.598700	-9.250800
-47.530300	22.293500	29.007400
-51.374300	2.983900	34.319800
-6.550700	-28.989100	-5.786800
-6.803900	7.525100	24.693800
-6.902300	23.248700	36.992000
-8.330300	-19.315100	-8.503800
-8.327900	-72.302700	-24.334000
-1.427900	-34.016700	26.254200
8.091300	-12.001700	12.285600
11.940100	9.171100	7.149800
19.136100	-89.268500	-5.658000
18.752900	-4.364100	49.223600
21.440500	32.875100	-4.857400
24.419300	12.898500	45.549800
27.960100	4.381300	55.613000
28.654100	13.159500	4.207000
29.614500	-62.877700	51.070600
32.087300	-82.057100	-2.954000
31.949300	-0.826100	31.765000
34.284500	-37.471100	-16.709800
37.427300	24.184700	45.037400
38.868900	-53.783900	53.890400
39.656900	-53.450700	-7.322600
39.538100	35.233100	28.102800
41.227300	8.441900	32.800000
41.231700	1.163300	30.308800
43.611700	17.854300	-5.905400
43.320100	39.462900	23.162400
46.992500	19.122700	19.495800
46.874900	27.393500	31.087600
50.808900	-53.159900	-10.709800
4.018100	14.518900	48.961600
5.767300	-42.901500	39.947800

//dfsdfdsf
//Subjects=16
-15.071700	-4.777300	16.181600
-20.227500	-12.312100	55.018000
-21.334500	2.326600	1.434200
-27.622900	-49.685400	43.244500
-27.743100	20.234800	1.220700
-35.557500	4.443600	28.419700
13.766900	-0.154500	6.297200
21.427700	-3.299200	57.477400
24.177700	-62.909500	41.967100
1.371500	10.920500	37.765700
30.585500	21.969800	0.570100
33.842700	2.220400	29.383100
3.061300	-2.158000	46.464600

//dfdfdsd
//Subjects=15
-10.608900	16.833800	35.420700
-25.974700	24.186400	8.831800
-38.095100	11.702500	11.948300
-6.265900	-3.564200	51.578700
-7.981900	3.837600	43.242400
7.738300	8.239800	45.727100
7.934500	16.999100	33.047500
31.317100	14.137300	13.353200
35.673100	21.251800	36.622200
40.630100	14.524800	9.043200

//dsfdsfsd
//Subjects=19
-26.005700	16.646500	9.017800
-33.703900	14.507400	31.206200
-39.641900	-63.248600	38.152800
1.174300	-74.612500	27.857300
2.266900	26.230300	44.636400
35.272700	-71.264400	40.462400
37.369900	6.397200	44.252100
47.225900	15.362200	0.225600

//dsfsdfsdf
//Subjects=21
-12.076300	44.348300	13.679600
-13.608300	-69.790600	27.163200
-39.179900	35.205600	31.272800
-6.484700	-43.562400	56.794100
-49.643300	-39.034800	31.269100
-52.233700	1.648100	28.773600
-0.358300	26.445400	32.901300
20.396700	-44.284800	53.577000
30.155700	12.400100	31.186000
41.012300	-52.547600	31.522500
5.987700	-20.255300	29.485100

//dsfsdfsdf
//Subjects=21
-2.322300	-26.472000	26.053000
-3.115500	29.341700	32.228200
-35.464500	27.063300	27.861700
-37.384900	0.056500	25.270600
38.328500	-43.626200	26.917200
41.332100	31.148700	31.349600

//dfsdfsdf
//Subjects=21
-11.507300	-67.039500	8.541500
-30.856300	-25.190900	13.980600
-32.781300	4.429200	28.465300
-33.920900	-38.271900	32.508200
-37.355300	29.519300	31.665800
-5.509100	-28.574500	57.329700
-43.994700	2.771300	36.226200
-48.226700	25.816400	12.213200
-0.542300	-27.004200	31.437800
11.585700	-56.502900	15.335500
20.576500	34.247000	-9.246300
20.267100	-40.672000	64.727300
24.509700	-77.822700	11.732600
1.476100	29.056400	34.981400
27.460700	-18.972100	15.556300
2.859100	-26.973200	-17.147700
41.959300	-44.168000	32.332400
43.042700	8.171000	35.507600
7.349700	-70.956600	-19.437000

//dfsdfsdf
//Subjects=21
-37.702900	-42.501700	37.448600
-40.183500	27.322100	35.013200
-54.584300	-30.837500	-13.981300
0.545900	27.198000	34.789600
18.159900	43.788500	37.560200
26.192100	9.571500	50.669700
26.983500	-33.461100	48.407900
2.737900	-47.059400	-13.647600
39.293700	3.270900	37.682500
41.048300	-38.573600	32.847000
51.723100	-39.539100	-5.800500

//dfdfdsf
//Subjects=27
-17.400100	38.753400	-5.858400
-23.283700	-89.778600	-18.135000
-25.842700	21.505200	-2.230200
-31.287700	49.743300	-2.349600

//dfsdsdfsdf
//Subjects=27
-17.400100	38.753400	-5.858400
-23.283700	-89.778600	-18.135000
-25.878100	21.243900	0.447000
-39.567100	41.924700	-8.635500

//dfsdsdf
//Subjects=27
-26.116300	-84.697200	-12.296400
-4.291300	22.014900	49.531200
-4.107100	26.116200	36.410100
-28.583500	21.780900	-4.953000
-28.483300	47.195400	-5.246100
-31.790500	43.290300	34.866300
-34.318900	45.133800	16.080300
-45.467500	14.709900	10.306800
-45.750100	26.332200	35.726100
-45.708700	1.962900	25.310400
26.890700	15.642000	-1.893600

//dfsdfsdfds
//Subjects=27
-14.733700	-44.321100	-21.791400
-25.940500	50.941500	14.069700
-4.227700	19.742700	43.911900
-31.758100	-25.011900	12.180600
-31.586500	14.637900	10.534800
-31.840300	37.439400	37.013700
-34.318900	45.133800	16.080300
-42.456700	38.360400	-0.914400
-45.520300	-59.704500	-7.554300
-45.645100	-0.309300	19.691100
-54.187900	-42.972000	23.612400
-7.203100	-3.646500	52.455900
-1.302700	23.568300	33.513600
12.100100	-67.766400	44.005200
15.884900	13.688700	-10.372500
24.031100	50.682300	14.890500
26.899100	45.862200	6.374700
29.461700	16.854600	14.480100
37.429700	25.116300	45.125700
42.851900	-38.931600	36.447000
51.621500	10.888500	16.992300
54.135500	3.455400	35.248500

//dfsfsdfsdf
//Subjects=18
-31.249500	-60.993100	34.004200
-32.255500	51.262900	1.381400
32.423300	48.366900	9.408000
37.597300	27.267300	32.720400
44.596100	-48.866900	41.841200

//sdfsdfsdf
//Subjects=17
-17.910100	29.505600	31.092600
-28.725100	20.735700	5.755800
-48.165700	18.041700	5.171700
9.972500	35.735100	24.046800
40.807700	29.544000	-0.341100
4.399700	54.804900	31.164300

//dsfdsfsdf
//Subjects=31
-11.359500	21.784400	23.265100
-36.104300	30.090100	6.517200
-4.600500	-21.867800	-11.385100
-5.434100	14.017800	64.068700
-40.500700	-50.871700	36.608300
-43.897500	13.541500	31.843100
-44.242500	0.942200	54.966600
23.323100	-62.382100	36.597500
33.545500	3.682200	52.938700
2.398300	9.836400	29.572700
38.125500	21.113400	-10.193700

//dsfsdfsdff
//Subjects=31
-11.883900	6.947000	59.686300
-32.820700	20.588300	36.301500
-36.168300	23.220500	9.468700
-37.855500	-25.350400	54.385400
-47.138700	-45.623400	50.506000
-50.125300	11.764900	11.750700
-8.282900	-14.395800	-10.739500
24.206900	24.563400	-6.498900
6.513900	-18.199000	-10.849500

//dfsdfs
//Subjects=31
-11.947900	0.077400	62.637800
-36.121100	23.568900	5.899100
-40.233500	16.900300	35.826700
-44.102300	-30.008900	34.920500
-49.926900	16.884900	-2.174500
-0.898900	-21.887000	-11.324300
25.931900	-59.976600	50.382300
37.995700	20.155300	-0.377300

//dsfdsfsdf
//Subjects=31
-29.289500	8.344700	46.011500
-36.201900	-43.741100	-7.686000
-43.628300	19.184100	12.563500
-54.194500	-32.054100	27.349200
13.101100	55.685700	2.567700
19.887100	22.761100	41.002400
37.400900	-39.982100	28.147600
37.854100	19.110100	10.331500
41.494100	-40.766300	-2.486400

//dfsdfsdf
//Subjects=10
-2.431100	-32.758400	32.662400
-4.040900	29.346500	32.213000
8.976100	30.646400	28.052100
18.459900	-1.519100	0.842200
30.631300	44.241100	3.581700
45.520900	-62.584400	37.854700
52.802500	-24.698900	-13.384800

//sdfsdfsf
//Subjects=18
-38.048500	52.257400	20.295500
-40.284300	-11.805100	31.304600
-48.329300	-0.529700	12.418000
7.812500	-75.289900	15.293500
4.130100	-67.817900	15.939100
63.296300	-23.783200	34.624600

//sdfsdfsdf
//Subjects=15
-14.944900	-18.463500	2.275200
-26.650900	-9.135300	51.606900
-34.959700	-41.845800	40.259700
-34.755700	-70.498200	15.928200
-34.611100	-0.889500	25.227900
-42.613300	18.012900	5.262900
22.380900	-14.979300	51.882700
32.400500	12.557100	0.609900

//dfsdfsdf
//Subjects=15
4.264100	29.129100	34.134600

//dsfsdfds
//Subjects=15
37.939100	20.651400	4.173000
3.958700	4.941600	50.755800

//dsfsdfsdfsd
//Subjects=15
-26.650900	-9.135300	51.606900
-34.755700	-70.498200	15.928200
12.817100	-18.607500	2.731200
23.306300	-14.984100	51.897900
32.400500	12.557100	0.609900

//dsfsdfsdf
//Subjects=15
-9.886900	5.274900	47.850600
6.770300	5.188500	48.124200

//sdfsdfsdf
//Subjects=20
-10.472700	2.303100	20.533600
-2.962300	-28.016100	3.374600
-19.560300	-76.842500	-15.945600
-26.808300	19.385500	0.255200
-29.512300	-69.152300	40.467400
-32.464700	14.991100	6.950000
-5.157900	-36.034900	27.801600
-39.829100	39.076900	10.909000
-42.392700	-75.841100	32.409000
-41.897500	26.513700	24.097400
-48.019900	-59.914500	42.831200
-7.170700	-71.948700	29.770200
-6.827500	7.350900	26.478600
-7.029900	18.651300	45.562800
-60.229100	-39.715700	-9.512800
-8.722300	-27.691900	19.523200
-8.485100	1.475500	9.678600
9.914500	4.234900	19.259800
11.660900	-9.339700	23.408400
11.550100	-61.335100	16.678800
13.688500	-66.532900	-7.199600
28.748900	22.998100	-0.264400
46.905700	-23.556700	13.649200
4.493700	-7.559300	5.438800
6.151700	7.457900	24.906600
6.297700	1.224500	11.706600

//sdfsdfsdf
//Subjects=20
-17.907700	-77.401200	-0.656100
-23.869900	-61.205700	35.910600
-23.311300	-73.532400	-11.191200
-26.643700	-6.340500	51.871800
-40.519300	-44.611800	39.903600
-40.305100	-1.905900	35.845500
-43.429900	-42.847800	50.831700
-7.181500	4.737900	53.250600
0.938300	-76.354500	45.705300
26.798900	20.447700	6.667800
26.657300	19.402500	17.376600
26.870900	48.395700	9.316800
26.083100	-1.285800	55.945200
28.927100	-69.341100	30.627900
34.696100	28.186800	42.667800
40.475300	35.315400	27.225600
42.660500	-45.827700	49.303200

//dfsdfsdfsd
//Subjects=20
-20.648500	-77.125500	-3.378900
-23.360500	-65.670600	-5.042100
-23.792500	-71.601000	26.819400
-26.646100	-61.191300	35.865000
-26.643700	-6.340500	51.871800
-40.234300	-1.383300	30.491100
-43.330900	-44.858700	42.535200
-7.181500	4.737900	53.250600
-9.571900	-74.649600	-0.254400
-9.872500	10.864500	48.380400
17.669900	6.357900	64.634700
20.566100	-0.995700	53.176800
26.870900	48.395700	9.316800
28.894700	-1.038900	53.313600
34.618100	24.869400	47.757300
37.100300	-62.306400	44.945400
37.507700	28.433700	40.036200
39.997700	-42.234600	41.490900
42.660500	-45.827700	49.303200
3.686300	-73.835400	48.693000

//sdfsdfsdf
//Subjects=16
-4.049500	48.474600	38.529300
-40.464100	-77.104200	26.016000
-42.633700	37.053900	12.471600
-48.742900	-71.210100	23.731800
-7.003900	19.757100	43.866300
-6.776500	40.627200	32.334600
-62.062900	-28.614000	-7.591200
-9.604900	-20.060100	18.429600
-9.568900	-6.086100	19.754100
-9.609700	31.995900	34.171500
-9.347500	39.414600	15.960900
9.575900	30.066000	53.231100
12.839300	3.489600	7.527600
15.383900	48.373800	38.848500
18.209300	40.497600	32.745000
1.725500	-40.385700	-4.924800
35.304500	21.711000	-6.581400
43.633100	21.667800	-6.444600
49.079900	34.567800	5.679900
51.590900	-41.428800	3.927600
54.388700	-33.058800	4.767900
53.920700	-52.963200	35.304900
54.012500	-57.768900	26.743500
6.699500	4.665900	53.478600
6.728300	15.845100	54.538200

//dfsdfsfsd
//Subjects=11
-21.163900	5.889200	61.230800
-34.103700	-64.296100	39.048100
-33.200100	-64.023500	-31.177200
-33.366500	15.170100	5.150000
-37.031300	47.446900	11.749300
-5.115300	20.940400	41.307800
-1.465500	-30.638700	30.177000
8.395700	-77.820600	41.188300
11.662500	-26.691700	18.161100
15.589300	-2.201500	7.935800
24.951900	53.385200	16.063000
27.917700	5.896100	59.359200
35.120300	17.609700	6.539700
2.287900	20.902000	41.429400
37.453100	20.719600	42.007000
43.646700	-58.178100	40.943000

//dssdfsdfsd
//Subjects=16
-31.784500	18.659700	27.127800
-36.823300	-51.545100	-33.659700
0.854900	-41.328600	62.535000
32.461100	-58.278600	-25.017900

//fsdfsdfsd
//Subjects=24
-7.962900	-101.118900	10.777900
25.956300	25.633100	1.739700

//dfsdfsdf
//Subjects=24
-2.436300	10.155800	45.736500
-18.653900	-25.810000	0.615600
-25.680500	-5.152400	49.298100
-29.681100	22.342400	8.594400
-37.550100	-1.162900	37.764200
-7.783100	18.099400	31.985000
18.362100	-26.002000	1.223600
29.695500	22.235900	-2.122300
29.867300	-0.695300	49.759200
2.178900	10.044700	46.704900
37.535100	7.616600	31.758500
4.150900	-23.797900	27.316700

//dfsdfdsf
//Subjects=24
-11.408900	25.075300	28.080300
-18.677700	-30.555100	1.066500
-3.352100	13.887000	46.074500
-22.878500	-8.631900	46.313300
-3.847500	-25.886800	0.858800
-38.003700	51.674200	16.637600
-41.090900	7.354300	27.701000
-40.724900	14.625300	1.370500
-7.661900	-15.733600	12.566400
-0.476100	-23.773900	27.240700
8.025100	-15.232000	16.482700
8.182700	-25.949200	1.056400
10.980900	-8.437400	4.564500
10.955300	-0.401400	8.928800
19.252100	-26.268100	3.916000
25.271300	6.868600	49.497200
29.695500	22.235900	-2.122300
33.897300	9.934500	27.412300
40.425300	24.893600	28.039100
4.051100	13.848600	46.196100

//sdfdff
//Subjects=24
-11.304500	-15.278900	8.043600
-18.701100	-26.158400	4.185200
-19.273700	-64.198700	37.506500
-25.817100	-53.682700	45.598900
-25.947100	7.940200	1.888000
-44.978900	6.911500	42.006900
22.897100	-25.791200	8.527100
22.261100	-56.988400	48.801600
22.962100	3.932900	12.245100
29.826900	59.761200	-1.267500
33.601300	52.054400	-9.140600
4.184300	-15.326400	27.219000

//dfsdfdsf
//Subjects=24
-7.892500	-55.818900	18.674200
-7.754500	24.707700	31.710700
40.390100	-78.635200	0.213200

//dsfsdfsdf
//Subjects=24
-29.592700	47.669800	9.193700
-33.256700	44.311000	5.210100

//dsfsdfds
//Subjects=24
-11.193300	-8.060900	1.522500
-15.290300	-94.123800	6.812400
-15.003100	-0.615400	12.072800
-18.871100	-83.160200	0.583700
-23.081500	-64.963400	45.477300
-25.731100	-83.206100	30.191400
-25.580100	-83.005400	18.501900
-26.304300	40.031200	39.154600
-4.132300	-64.544400	11.605200
-29.942500	33.207300	32.140600
-38.060500	47.599400	19.854000
-40.542300	-31.073300	45.690100
-41.071900	10.236200	27.073500
0.069100	-18.835700	-13.721400
-0.123300	-48.586300	-7.534700
14.512900	-56.316600	3.691600
22.343500	-60.949600	41.220900
22.786100	-82.357500	0.463600
25.068300	-49.462900	48.661200
25.220700	-71.185100	30.390500
25.661900	37.168300	28.051400
29.657900	25.613900	1.800500
29.401700	47.483800	28.191100
33.625700	3.360300	46.603600
33.897300	9.934500	27.412300
37.215100	-26.731400	46.516000
4.115700	-19.488300	31.327800

//dfdsfsdf
//Subjects=24
29.543100	43.958100	16.148400

//dsfdfdsf
//Subjects=12
-33.003100	3.705900	45.509200
-46.074700	-59.227300	35.722400
0.472500	21.172900	38.721800
1.866100	-75.427700	45.808800
45.042900	25.714100	29.095800
4.480900	-84.420100	-16.256800

//fsdfsdf
//Subjects=12
-49.405100	12.987100	28.094000
0.999500	-66.325600	-28.114200
37.287300	-48.131700	34.580400
41.346100	27.596500	29.211600

//dfsdfsdf
//Subjects=30
-19.706700	28.087500	26.423600
-29.131900	-2.372500	30.585200
-30.839900	26.107700	27.849400
-32.624300	33.918500	24.955800
13.555700	25.703100	30.363800
15.505700	28.253500	23.431600

//sdfsdfsdf
//Subjects=11
29.608100	19.763000	3.947900

//sdfsdfsdf
//Subjects=23
-23.947500	-1.462100	59.586400
-49.110700	-52.467300	-14.136200
27.846500	-3.768300	62.045800
2.106900	-71.822500	28.137400
35.380100	-43.055100	40.434200
56.338100	-44.221100	-6.166000

//sdfsdfs
//Subjects=25
-33.797700	27.523300	42.347100
0.375700	19.544500	45.772700

//sdfsdf
//Subjects=25
-4.237100	20.587200	44.892600
-54.405100	-46.403000	39.499000

//dssdf
//Subjects=20
14.107500	19.723400	-14.335100
34.211700	24.135700	7.142600

//sdfdssd
//Subjects=20
16.632300	-77.629000	48.552600
0.910100	-73.821000	48.647400
39.483900	36.660800	32.741400

//dsfsdf
//Subjects=20
7.755100	14.761000	46.345200
7.991900	34.786600	33.832800
37.646500	19.405500	26.571300
42.479500	36.438100	15.654800

//dsfdffds
//Subjects=23
-19.662100	-84.905000	-10.405200
-27.623300	-58.827200	40.576700
-27.535900	-2.435100	50.425000
-4.140300	22.215600	37.841700
-42.998500	3.289100	30.887000
-47.412100	27.735400	21.417300
-52.909500	-63.218300	-9.813900
19.693500	32.737000	-13.007700
22.445100	-3.538800	50.265100
24.170900	-56.562500	44.370000
26.735100	-35.770200	-4.965300
27.830300	16.655900	-2.682500
37.161100	46.419100	0.295100
39.580300	29.147400	23.022700
44.253100	-56.443700	-5.726700
44.048100	3.273400	27.853800

//sfdfsdf
//Subjects=23
31.694500	-0.879100	51.574400

//dsfsdfsd
//Subjects=22
29.681500	25.788100	0.015700

//dssdfd
//Subjects=22
21.360100	28.626100	0.143800

//dsfsdf
//Subjects=14
-14.296700	-99.108500	0.051000
-20.107500	-73.570500	27.596000
-22.061900	-68.842300	37.019400
-23.531100	-82.465900	3.273200
-25.164700	-79.025300	-12.643800
-29.235900	-6.795700	37.371200
-40.255500	-0.625900	32.364200
-1.242300	2.080900	22.470400
19.079300	-93.343300	-2.441600
19.623300	45.927100	-3.651600
22.343300	-65.520500	39.887000
24.311700	-73.800900	28.325600
30.510100	24.154900	7.081800
37.705700	24.411900	23.443200
42.688900	-43.790300	47.695000
5.755300	6.359700	55.424800

//dsfsdfdsf
//Subjects=12
-3.488700	-88.562500	26.456800
-3.135500	3.605300	26.186200
-8.699900	52.895300	41.572000
15.033300	-92.210700	24.622800
0.344500	7.433700	44.624800
24.667300	-34.620700	12.224800
4.096900	-17.799300	33.289200
5.991300	8.101700	37.576800

//dfsdfsfd
//Subjects=14
-32.365500	17.551100	-0.012600
-42.467500	-59.943300	42.922400
-43.899900	12.609900	31.754800
-47.967500	-48.561100	42.106000
9.438500	17.171300	60.114800
31.638100	4.187900	57.458600
32.469300	21.289900	-2.165000
39.239300	0.127700	40.987200
40.846900	-58.337900	42.682200
43.031300	17.225700	39.067800
58.236100	-43.882300	-9.705200

//dsfsdfsdf
//Subjects=12
-3.256700	37.438300	45.604800
36.189700	19.581700	-4.065600
36.247300	41.940100	-1.946400
5.973700	37.216100	47.541600

//dsfdsfsdf
//Subjects=29
-25.442100	51.440400	47.456900
-28.880700	-84.595700	-13.234400
-28.708700	18.115100	3.706100
-30.283900	-4.954200	47.437300
-39.802700	-58.513900	-19.956700
-45.760500	4.322200	30.037300
-0.594900	10.990700	46.747600
21.081300	-88.581300	-12.766800
28.018700	-4.325000	48.483200
28.673300	20.612300	4.913400
40.484300	25.329100	23.577100
43.089900	8.519400	31.938000
5.707100	-70.762400	36.406400

//dfsfsd
//Subjects=29
-25.657100	-9.549100	46.179400
-27.285900	49.673900	46.357500
-28.892500	-84.682800	-12.342000
-28.682700	19.220900	2.009600
-38.922300	-62.506400	-17.617500
-47.604100	7.126600	30.271800
-7.046700	12.130100	44.944700
20.184300	-86.539100	-14.390200
26.066100	-66.297100	38.074700
27.714700	16.716500	6.329800
29.862300	-7.129400	48.248700
40.472500	25.242000	24.469500
41.281500	7.014200	28.161400

//dsfsdfdsf
//Subjects=29
-32.462300	15.922700	7.038300
-0.582500	24.790500	49.856900
35.091900	15.572300	8.147900

//sdfsfsdf
//Subjects=14
-15.079300	-16.713900	13.248900
12.640100	-19.914000	16.117200

//dfsdfsdf
//Subjects=151
-12.635900	-20.098700	38.193400
-17.280300	-27.075900	-34.614300
-45.844100	-19.142000	29.614600
-48.577700	-16.071500	27.156700
26.573500	45.286600	31.538500
34.802500	33.541600	35.970100
37.692100	37.105900	28.249000
40.154500	-17.316200	36.647500

//dfsdfdf
//Subjects=12
-5.806700	-23.021800	10.105600
-1.669100	7.155500	57.176300
20.388500	-16.014900	62.561100
27.601100	-45.352300	-3.155900
42.153900	-18.056700	24.900100
42.210100	-27.694600	17.682000
44.174100	-28.696400	8.611800
52.600100	-13.398500	5.699400
58.975700	-30.636400	8.678400
67.351900	-21.189400	7.913400
6.223500	-23.084200	10.303200

//sdfsdfsd
//Subjects=16
-44.697100	30.924800	27.170500
40.416100	30.309000	30.353700

//dsfdsfds
//Subjects=16
-31.614900	12.600500	12.143000
31.340700	14.311500	11.568400

//sdfsdfsd
//Subjects=14
18.467300	-61.305300	54.634400
33.985300	-81.718300	-6.493200

//sfsdfsdfs
//Subjects=10
-32.816100	17.880600	35.144200
26.791700	17.652900	6.402900
31.983500	25.929000	37.002900
34.506300	-49.980500	34.358200
4.247100	18.037000	32.182600

//dsfsdfdf
//Subjects=10
-31.437700	18.477900	0.090900
-34.960300	-55.558500	36.258000
-37.435900	20.699400	35.333100
26.862500	18.175500	1.048500
31.940900	22.872900	39.415200
4.129100	17.166000	41.106600

//dsfsdfsdf
//Subjects=19
-14.555900	15.955500	54.188600
-13.945900	46.046900	15.610600
-21.307900	17.145100	3.739400
-34.333100	44.115100	16.884400
-5.129100	-24.855700	28.861200
-41.720700	-30.669900	-6.541000
-49.258700	15.895500	17.561800
-6.570700	-54.725500	-11.828800
-6.689500	33.958300	23.596600
-58.320700	-17.366900	-7.363200
-8.743900	17.842900	34.647000
14.118900	-43.250500	-33.813800
19.423700	13.381700	2.270200

//sdfsdf
//Subjects=14
-18.102700	-4.815900	35.945400
1.865300	-80.478600	-27.638700

//dfdsfsdf
//Subjects=14
-45.800500	6.768600	33.871800
21.107900	-73.762800	-10.461600
48.625700	6.540300	32.745000

